SEX,LBNRIND,RACE,LBTEST,ACTARM,ETHNIC,LBDY,AGE
0,3,2,0,0,0,-7,63
0,3,2,0,0,0,15,63
0,3,2,0,0,0,84,63
0,3,2,0,0,0,168,63
0,3,2,1,0,0,-7,63
0,3,2,1,0,0,15,63
0,3,2,1,0,0,84,63
0,3,2,1,0,0,168,63
0,3,2,6,0,0,-7,63
0,3,2,6,0,0,15,63
0,3,2,6,0,0,84,63
0,3,2,6,0,0,168,63
0,3,2,2,0,0,-7,63
0,3,2,2,0,0,15,63
0,3,2,2,0,0,84,63
0,2,2,2,0,0,168,63
0,3,2,3,0,0,-7,63
0,3,2,4,0,0,-7,63
0,3,2,4,0,0,15,63
0,3,2,4,0,0,84,63
0,3,2,4,0,0,168,63
0,3,2,5,0,0,-7,63
1,3,2,0,0,0,-14,64
1,3,2,0,0,0,23,64
1,3,2,0,0,0,29,64
1,3,2,1,0,0,-14,64
1,3,2,1,0,0,23,64
1,3,2,1,0,0,29,64
1,3,2,6,0,0,-14,64
1,3,2,6,0,0,23,64
1,3,2,6,0,0,29,64
1,3,2,2,0,0,-14,64
1,3,2,2,0,0,23,64
1,3,2,2,0,0,29,64
1,3,2,3,0,0,-14,64
1,3,2,4,0,0,-14,64
1,3,2,4,0,0,23,64
1,3,2,4,0,0,29,64
1,3,2,5,0,0,-14,64
1,3,2,0,1,1,-8,71
1,3,2,0,1,1,14,71
1,3,2,0,1,1,83,71
1,3,2,0,1,1,172,71
1,3,2,1,1,1,-8,71
1,3,2,1,1,1,14,71
1,3,2,1,1,1,83,71
1,3,2,1,1,1,172,71
1,3,2,6,1,1,-8,71
1,3,2,6,1,1,14,71
1,3,2,6,1,1,83,71
1,3,2,6,1,1,172,71
1,3,2,2,1,1,-8,71
1,3,2,2,1,1,14,71
1,3,2,2,1,1,83,71
1,3,2,2,1,1,172,71
1,3,2,3,1,1,-8,71
1,3,2,4,1,1,-8,71
1,3,2,4,1,1,14,71
1,3,2,4,1,1,83,71
1,3,2,4,1,1,172,71
1,3,2,5,1,1,-8,71
1,3,2,0,2,1,-8,74
1,3,2,0,2,1,15,74
1,3,2,0,2,1,28,74
1,3,2,1,2,1,-8,74
1,3,2,1,2,1,15,74
1,3,2,1,2,1,28,74
1,3,2,6,2,1,-8,74
1,3,2,6,2,1,15,74
1,3,2,6,2,1,28,74
1,3,2,2,2,1,-8,74
1,3,2,2,2,1,15,74
1,3,2,2,2,1,28,74
1,3,2,3,2,1,-8,74
1,3,2,4,2,1,-8,74
1,3,2,4,2,1,15,74
1,3,2,4,2,1,28,74
1,3,2,5,2,1,-8,74
0,3,2,0,1,1,-7,77
0,3,2,0,1,1,15,77
0,3,2,0,1,1,87,77
0,3,2,0,1,1,170,77
0,3,2,1,1,1,-7,77
0,3,2,1,1,1,15,77
0,3,2,1,1,1,87,77
0,3,2,1,1,1,170,77
0,3,2,6,1,1,-7,77
0,3,2,6,1,1,15,77
0,3,2,6,1,1,87,77
0,3,2,6,1,1,170,77
0,3,2,2,1,1,-7,77
0,3,2,2,1,1,15,77
0,3,2,2,1,1,87,77
0,3,2,2,1,1,170,77
0,2,2,3,1,1,-7,77
0,3,2,4,1,1,-7,77
0,3,2,4,1,1,15,77
0,3,2,4,1,1,87,77
0,3,2,4,1,1,170,77
0,3,2,5,1,1,-7,77
0,3,2,0,0,1,-21,85
0,3,2,0,0,1,14,85
0,3,2,0,0,1,46,85
0,3,2,1,0,1,-21,85
0,3,2,1,0,1,14,85
0,3,2,1,0,1,46,85
0,3,2,6,0,1,-21,85
0,3,2,6,0,1,14,85
0,3,2,6,0,1,46,85
0,3,2,2,0,1,-21,85
0,3,2,2,0,1,14,85
0,3,2,2,0,1,46,85
0,3,2,3,0,1,-21,85
0,3,2,4,0,1,-21,85
0,3,2,4,0,1,14,85
0,3,2,4,0,1,46,85
0,3,2,5,0,1,-21,85
1,3,2,0,2,1,-9,68
1,3,2,0,2,1,15,68
1,3,2,0,2,1,85,68
1,3,2,0,2,1,169,68
1,3,2,0,2,1,190,68
1,3,2,1,2,1,-9,68
1,3,2,1,2,1,15,68
1,3,2,1,2,1,85,68
1,3,2,1,2,1,169,68
1,3,2,1,2,1,190,68
1,3,2,6,2,1,-9,68
1,3,2,6,2,1,15,68
1,3,2,6,2,1,85,68
1,3,2,6,2,1,169,68
1,3,2,6,2,1,190,68
1,3,2,2,2,1,-9,68
1,3,2,2,2,1,15,68
1,3,2,2,2,1,85,68
1,3,2,2,2,1,169,68
1,3,2,2,2,1,190,68
1,3,2,3,2,1,-9,68
1,3,2,4,2,1,-9,68
1,3,2,4,2,1,15,68
1,3,2,4,2,1,85,68
1,3,2,4,2,1,169,68
1,3,2,4,2,1,190,68
1,3,2,5,2,1,-9,68
0,3,2,0,2,1,-13,81
0,3,2,0,2,1,11,81
0,3,2,1,2,1,-13,81
0,3,2,1,2,1,11,81
0,3,2,6,2,1,-13,81
0,3,2,6,2,1,11,81
0,3,2,2,2,1,-13,81
0,2,2,2,2,1,11,81
0,3,2,3,2,1,-13,81
0,3,2,4,2,1,-13,81
0,3,2,4,2,1,11,81
0,3,2,5,2,1,-13,81
1,3,2,0,2,1,-7,84
1,3,2,0,2,1,14,84
1,3,2,0,2,1,55,84
1,3,2,1,2,1,-7,84
1,3,2,1,2,1,14,84
1,3,2,1,2,1,55,84
1,3,2,6,2,1,-7,84
1,3,2,6,2,1,14,84
1,3,2,6,2,1,55,84
1,3,2,2,2,1,-7,84
1,3,2,2,2,1,14,84
1,3,2,2,2,1,55,84
1,3,2,3,2,1,-7,84
1,3,2,4,2,1,-7,84
1,3,2,4,2,1,14,84
1,3,2,4,2,1,55,84
1,3,2,5,2,1,-7,84
1,3,2,0,0,1,-13,52
1,3,2,0,0,1,15,52
1,3,2,0,0,1,86,52
1,3,2,0,0,1,169,52
1,3,2,1,0,1,-13,52
1,3,2,1,0,1,15,52
1,3,2,1,0,1,86,52
1,3,2,1,0,1,169,52
1,3,2,6,0,1,-13,52
1,3,2,6,0,1,15,52
1,3,2,6,0,1,86,52
1,3,2,6,0,1,169,52
1,3,2,2,0,1,-13,52
1,3,2,2,0,1,15,52
1,3,2,2,0,1,86,52
1,3,2,2,0,1,169,52
1,3,2,3,0,1,-13,52
1,3,2,4,0,1,-13,52
1,3,2,4,0,1,15,52
1,3,2,4,0,1,86,52
1,3,2,4,0,1,169,52
1,3,2,5,0,1,-13,52
1,3,2,0,0,1,-6,84
1,3,2,0,0,1,15,84
1,3,2,0,0,1,91,84
1,3,2,0,0,1,169,84
1,3,2,1,0,1,-6,84
1,3,2,1,0,1,15,84
1,3,2,1,0,1,91,84
1,3,2,1,0,1,169,84
1,3,2,6,0,1,-6,84
1,3,2,6,0,1,15,84
1,3,2,6,0,1,91,84
1,3,2,6,0,1,169,84
1,3,2,2,0,1,-6,84
1,3,2,2,0,1,15,84
1,3,2,2,0,1,91,84
1,3,2,2,0,1,169,84
1,3,2,3,0,1,-6,84
1,3,2,4,0,1,-6,84
1,3,2,4,0,1,15,84
1,3,2,4,0,1,91,84
1,3,2,4,0,1,169,84
1,3,2,5,0,1,-6,84
0,3,2,0,1,1,-5,81
0,3,2,0,1,1,16,81
0,3,2,0,1,1,87,81
0,3,2,0,1,1,173,81
0,3,2,1,1,1,-5,81
0,3,2,1,1,1,16,81
0,3,2,1,1,1,87,81
0,3,2,1,1,1,173,81
0,3,2,6,1,1,-5,81
0,3,2,6,1,1,16,81
0,3,2,6,1,1,87,81
0,3,2,6,1,1,173,81
0,3,2,2,1,1,-5,81
0,3,2,2,1,1,16,81
0,3,2,2,1,1,87,81
0,3,2,2,1,1,173,81
0,3,2,3,1,1,-5,81
0,3,2,4,1,1,-5,81
0,3,2,4,1,1,16,81
0,3,2,4,1,1,87,81
0,3,2,4,1,1,173,81
0,3,2,5,1,1,-5,81
0,3,2,0,1,1,-13,75
0,3,2,0,1,1,15,75
0,3,2,0,1,1,42,75
0,3,2,1,1,1,-13,75
0,3,2,1,1,1,15,75
0,3,2,1,1,1,42,75
0,3,2,6,1,1,-13,75
0,3,2,6,1,1,15,75
0,3,2,6,1,1,42,75
0,3,2,2,1,1,-13,75
0,3,2,2,1,1,15,75
0,3,2,2,1,1,42,75
0,3,2,3,1,1,-13,75
0,3,2,4,1,1,-13,75
0,3,2,4,1,1,15,75
0,3,2,4,1,1,42,75
0,3,2,5,1,1,-13,75
1,3,2,0,1,1,-9,57
1,3,2,0,1,1,14,57
1,3,2,0,1,1,87,57
1,3,2,0,1,1,170,57
1,3,2,1,1,1,-9,57
1,3,2,1,1,1,14,57
1,3,2,1,1,1,87,57
1,3,2,1,1,1,170,57
1,3,2,6,1,1,-9,57
1,3,2,6,1,1,14,57
1,3,2,6,1,1,87,57
1,3,2,6,1,1,170,57
1,3,2,2,1,1,-9,57
1,3,2,2,1,1,14,57
1,3,2,2,1,1,87,57
1,3,2,2,1,1,170,57
1,3,2,3,1,1,-9,57
1,3,2,4,1,1,-9,57
1,3,2,4,1,1,14,57
1,3,2,4,1,1,87,57
1,3,2,4,1,1,170,57
1,3,2,5,1,1,-9,57
0,3,2,0,0,1,-17,79
0,3,2,0,0,1,16,79
0,3,2,0,0,1,27,79
0,3,2,0,0,1,85,79
0,3,2,0,0,1,87,79
0,3,2,0,0,1,108,79
0,3,2,0,0,1,170,79
0,3,2,1,0,1,-17,79
0,3,2,1,0,1,16,79
0,3,2,1,0,1,27,79
0,0,2,1,0,1,85,79
0,3,2,1,0,1,87,79
0,3,2,1,0,1,108,79
0,3,2,1,0,1,170,79
0,3,2,6,0,1,-17,79
0,3,2,6,0,1,16,79
0,3,2,6,0,1,27,79
0,3,2,6,0,1,85,79
0,3,2,6,0,1,87,79
0,3,2,6,0,1,108,79
0,3,2,6,0,1,170,79
0,2,2,2,0,1,-17,79
0,3,2,2,0,1,16,79
0,3,2,2,0,1,27,79
0,3,2,2,0,1,85,79
0,3,2,2,0,1,87,79
0,3,2,2,0,1,108,79
0,3,2,2,0,1,170,79
0,3,2,3,0,1,-17,79
0,3,2,4,0,1,-17,79
0,3,2,4,0,1,16,79
0,3,2,4,0,1,27,79
0,3,2,4,0,1,85,79
0,3,2,4,0,1,87,79
0,3,2,4,0,1,108,79
0,3,2,4,0,1,170,79
0,3,2,5,0,1,-17,79
1,3,2,0,1,1,-15,56
1,3,2,0,1,1,14,56
1,3,2,0,1,1,40,56
1,3,2,1,1,1,-15,56
1,3,2,1,1,1,14,56
1,3,2,1,1,1,40,56
1,3,2,6,1,1,-15,56
1,3,2,6,1,1,14,56
1,3,2,6,1,1,40,56
1,3,2,2,1,1,-15,56
1,3,2,2,1,1,14,56
1,3,2,2,1,1,40,56
1,3,2,3,1,1,-15,56
1,3,2,4,1,1,-15,56
1,3,2,4,1,1,14,56
1,3,2,4,1,1,40,56
1,3,2,5,1,1,-15,56
0,3,2,0,2,1,-9,79
0,3,2,0,2,1,8,79
0,3,2,1,2,1,-9,79
0,3,2,1,2,1,8,79
0,3,2,6,2,1,-9,79
0,3,2,6,2,1,8,79
0,3,2,2,2,1,-9,79
0,3,2,2,2,1,8,79
0,3,2,3,2,1,-9,79
0,3,2,4,2,1,-9,79
0,3,2,4,2,1,8,79
0,3,2,5,2,1,-9,79
1,3,2,0,2,1,-12,71
1,3,2,0,2,1,16,71
1,3,2,0,2,1,39,71
1,3,2,1,2,1,-12,71
1,3,2,1,2,1,16,71
1,3,2,1,2,1,39,71
1,3,2,6,2,1,-12,71
1,3,2,6,2,1,16,71
1,3,2,6,2,1,39,71
1,3,2,2,2,1,-12,71
1,3,2,2,2,1,16,71
1,3,2,2,2,1,39,71
1,3,2,3,2,1,-12,71
1,3,2,4,2,1,-12,71
1,3,2,4,2,1,16,71
1,3,2,4,2,1,39,71
1,3,2,5,2,1,-12,71
0,3,2,0,2,1,-14,80
0,3,2,0,2,1,17,80
0,3,2,0,2,1,31,80
0,3,2,0,2,1,85,80
0,3,2,0,2,1,174,80
0,3,2,1,2,1,-14,80
0,3,2,1,2,1,17,80
0,3,2,1,2,1,31,80
0,3,2,1,2,1,85,80
0,3,2,1,2,1,174,80
0,3,2,6,2,1,-14,80
0,3,2,6,2,1,17,80
0,3,2,6,2,1,31,80
0,3,2,6,2,1,85,80
0,3,2,6,2,1,174,80
0,3,2,2,2,1,-14,80
0,3,2,2,2,1,17,80
0,3,2,2,2,1,31,80
0,3,2,2,2,1,85,80
0,3,2,2,2,1,174,80
0,3,2,3,2,1,-14,80
0,3,2,4,2,1,-14,80
0,3,2,4,2,1,17,80
0,3,2,4,2,1,31,80
0,3,2,4,2,1,85,80
0,3,2,4,2,1,174,80
0,3,2,5,2,1,-14,80
0,3,1,0,0,1,-8,81
0,3,1,0,0,1,22,81
0,3,1,0,0,1,97,81
0,3,1,0,0,1,171,81
0,3,1,1,0,1,-8,81
0,3,1,1,0,1,22,81
0,0,1,1,0,1,97,81
0,3,1,1,0,1,171,81
0,3,1,6,0,1,-8,81
0,3,1,6,0,1,22,81
0,3,1,6,0,1,97,81
0,3,1,6,0,1,171,81
0,3,1,2,0,1,-8,81
0,3,1,2,0,1,22,81
0,3,1,2,0,1,97,81
0,3,1,2,0,1,171,81
0,3,1,3,0,1,-8,81
0,3,1,4,0,1,-8,81
0,3,1,4,0,1,22,81
0,3,1,4,0,1,97,81
0,3,1,4,0,1,171,81
0,3,1,5,0,1,-8,81
0,3,2,0,2,1,-16,76
0,3,2,0,2,1,14,76
0,0,2,1,2,1,-16,76
0,3,2,1,2,1,14,76
0,3,2,6,2,1,-16,76
0,3,2,6,2,1,14,76
0,3,2,2,2,1,-16,76
0,3,2,2,2,1,14,76
0,3,2,3,2,1,-16,76
0,3,2,4,2,1,-16,76
0,3,2,4,2,1,14,76
0,3,2,5,2,1,-16,76
1,3,2,0,0,1,-10,69
1,3,2,0,0,1,23,69
1,3,2,0,0,1,100,69
1,3,2,0,0,1,165,69
1,3,2,1,0,1,-10,69
1,3,2,1,0,1,23,69
1,3,2,1,0,1,100,69
1,0,2,1,0,1,165,69
1,3,2,6,0,1,-10,69
1,3,2,6,0,1,23,69
1,3,2,6,0,1,100,69
1,3,2,6,0,1,165,69
1,3,2,2,0,1,-10,69
1,3,2,2,0,1,23,69
1,3,2,2,0,1,100,69
1,3,2,2,0,1,165,69
1,3,2,3,0,1,-10,69
1,3,2,4,0,1,-10,69
1,3,2,4,0,1,23,69
1,3,2,4,0,1,100,69
1,3,2,4,0,1,165,69
1,3,2,5,0,1,-10,69
1,3,2,0,1,0,-14,56
1,3,2,0,1,0,15,56
1,3,2,0,1,0,82,56
1,3,2,0,1,0,168,56
1,3,2,1,1,0,-14,56
1,3,2,1,1,0,15,56
1,3,2,1,1,0,82,56
1,3,2,1,1,0,168,56
1,3,2,6,1,0,-14,56
1,3,2,6,1,0,15,56
1,3,2,6,1,0,82,56
1,3,2,6,1,0,168,56
1,3,2,2,1,0,-14,56
1,3,2,2,1,0,15,56
1,3,2,2,1,0,82,56
1,3,2,2,1,0,168,56
1,3,2,3,1,0,-14,56
1,3,2,4,1,0,-14,56
1,3,2,4,1,0,15,56
1,3,2,4,1,0,82,56
1,3,2,4,1,0,168,56
1,3,2,5,1,0,-14,56
1,3,0,0,1,1,-13,61
1,3,0,0,1,1,16,61
1,3,0,0,1,1,86,61
1,3,0,0,1,1,128,61
1,3,0,1,1,1,-13,61
1,3,0,1,1,1,16,61
1,3,0,1,1,1,86,61
1,3,0,1,1,1,128,61
1,3,0,6,1,1,-13,61
1,3,0,6,1,1,16,61
1,3,0,6,1,1,86,61
1,3,0,6,1,1,128,61
1,3,0,2,1,1,-13,61
1,3,0,2,1,1,16,61
1,3,0,2,1,1,86,61
1,3,0,2,1,1,128,61
1,3,0,3,1,1,-13,61
1,3,0,4,1,1,-13,61
1,3,0,4,1,1,16,61
1,3,0,4,1,1,86,61
1,3,0,4,1,1,128,61
1,3,0,5,1,1,-13,61
0,3,2,0,1,0,-8,56
0,3,2,0,1,0,18,56
0,3,2,0,1,0,83,56
0,3,2,0,1,0,169,56
0,3,2,1,1,0,-8,56
0,3,2,1,1,0,18,56
0,3,2,1,1,0,83,56
0,3,2,1,1,0,169,56
0,3,2,6,1,0,-8,56
0,3,2,6,1,0,18,56
0,3,2,6,1,0,83,56
0,3,2,6,1,0,169,56
0,2,2,2,1,0,-8,56
0,2,2,2,1,0,18,56
0,2,2,2,1,0,83,56
0,3,2,2,1,0,169,56
0,3,2,3,1,0,-8,56
0,3,2,4,1,0,-8,56
0,3,2,4,1,0,18,56
0,3,2,4,1,0,83,56
0,3,2,4,1,0,169,56
0,3,2,5,1,0,-8,56
1,3,2,0,2,1,-7,67
1,3,2,0,2,1,18,67
1,3,2,0,2,1,83,67
1,3,2,1,2,1,-7,67
1,3,2,1,2,1,18,67
1,3,2,1,2,1,83,67
1,3,2,6,2,1,-7,67
1,3,2,6,2,1,18,67
1,3,2,6,2,1,83,67
1,3,2,2,2,1,-7,67
1,3,2,2,2,1,18,67
1,3,2,2,2,1,83,67
1,3,2,3,2,1,-7,67
1,3,2,4,2,1,-7,67
1,3,2,4,2,1,18,67
1,3,2,4,2,1,83,67
1,3,2,5,2,1,-7,67
1,3,2,0,1,1,-9,61
1,3,2,0,1,1,18,61
1,3,2,0,1,1,69,61
1,3,2,1,1,1,-9,61
1,3,2,1,1,1,18,61
1,3,2,1,1,1,69,61
1,3,2,6,1,1,-9,61
1,3,2,6,1,1,18,61
1,3,2,6,1,1,69,61
1,3,2,2,1,1,-9,61
1,3,2,2,1,1,18,61
1,3,2,2,1,1,69,61
1,3,2,3,1,1,-9,61
1,3,2,4,1,1,-9,61
1,3,2,4,1,1,18,61
1,3,2,4,1,1,69,61
1,3,2,5,1,1,-9,61
1,3,2,0,2,1,-9,68
1,3,2,0,2,1,-12,68
1,3,2,0,2,1,15,68
1,3,2,0,2,1,86,68
1,3,2,0,2,1,169,68
1,3,2,1,2,1,-9,68
1,3,2,1,2,1,-12,68
1,3,2,1,2,1,15,68
1,3,2,1,2,1,86,68
1,3,2,1,2,1,169,68
1,3,2,6,2,1,-9,68
1,3,2,6,2,1,-12,68
1,3,2,6,2,1,15,68
1,3,2,6,2,1,86,68
1,3,2,6,2,1,169,68
1,3,2,2,2,1,-9,68
1,3,2,2,2,1,-12,68
1,3,2,2,2,1,15,68
1,3,2,2,2,1,86,68
1,3,2,2,2,1,169,68
1,3,2,3,2,1,-9,68
1,3,2,3,2,1,-12,68
1,3,2,4,2,1,-9,68
1,3,2,4,2,1,-12,68
1,3,2,4,2,1,15,68
1,3,2,4,2,1,86,68
1,3,2,4,2,1,169,68
1,3,2,5,2,1,-9,68
1,3,2,5,2,1,-12,68
1,3,2,0,2,1,-16,79
1,3,2,0,2,1,24,79
1,3,2,0,2,1,85,79
1,3,2,0,2,1,169,79
1,3,2,1,2,1,-16,79
1,3,2,1,2,1,24,79
1,3,2,1,2,1,85,79
1,3,2,1,2,1,169,79
1,3,2,6,2,1,-16,79
1,3,2,6,2,1,24,79
1,3,2,6,2,1,85,79
1,3,2,6,2,1,169,79
1,3,2,2,2,1,-16,79
1,3,2,2,2,1,24,79
1,3,2,2,2,1,85,79
1,3,2,2,2,1,169,79
1,3,2,3,2,1,-16,79
1,3,2,4,2,1,-16,79
1,3,2,4,2,1,24,79
1,3,2,4,2,1,85,79
1,3,2,4,2,1,169,79
1,3,2,5,2,1,-16,79
1,3,2,5,2,1,24,79
1,3,2,0,2,1,-14,51
1,3,2,0,2,1,14,51
1,3,2,0,2,1,34,51
1,3,2,1,2,1,-14,51
1,3,2,1,2,1,14,51
1,0,2,1,2,1,34,51
1,3,2,6,2,1,-14,51
1,3,2,6,2,1,14,51
1,3,2,6,2,1,34,51
1,3,2,2,2,1,-14,51
1,3,2,2,2,1,14,51
1,3,2,2,2,1,34,51
1,2,2,3,2,1,-14,51
1,3,2,3,2,1,-10,51
1,3,2,4,2,1,-14,51
1,3,2,4,2,1,14,51
1,3,2,4,2,1,34,51
1,3,2,5,2,1,-14,51
0,3,2,0,0,1,-7,63
0,3,2,0,0,1,17,63
0,3,2,0,0,1,85,63
0,3,2,0,0,1,162,63
0,3,2,1,0,1,-7,63
0,3,2,1,0,1,17,63
0,3,2,1,0,1,85,63
0,3,2,1,0,1,162,63
0,3,2,6,0,1,-7,63
0,3,2,6,0,1,17,63
0,3,2,6,0,1,85,63
0,3,2,6,0,1,162,63
0,3,2,2,0,1,-7,63
0,3,2,2,0,1,17,63
0,3,2,2,0,1,85,63
0,3,2,2,0,1,162,63
0,3,2,3,0,1,-7,63
0,3,2,4,0,1,-7,63
0,3,2,4,0,1,17,63
0,3,2,4,0,1,85,63
0,3,2,4,0,1,162,63
0,3,2,5,0,1,-7,63
1,3,2,0,2,1,-7,67
1,3,2,0,2,1,15,67
1,3,2,1,2,1,-7,67
1,3,2,1,2,1,15,67
1,3,2,6,2,1,-7,67
1,3,2,6,2,1,15,67
1,3,2,2,2,1,-7,67
1,3,2,2,2,1,15,67
1,3,2,3,2,1,-7,67
1,3,2,4,2,1,-7,67
1,3,2,4,2,1,15,67
1,3,2,5,2,1,-7,67
0,3,1,0,0,1,-10,81
0,3,1,0,0,1,14,81
0,3,1,0,0,1,84,81
0,3,1,0,0,1,168,81
0,3,1,1,0,1,-10,81
0,3,1,1,0,1,14,81
0,3,1,1,0,1,84,81
0,3,1,1,0,1,168,81
0,3,1,6,0,1,-10,81
0,3,1,6,0,1,14,81
0,3,1,6,0,1,84,81
0,3,1,6,0,1,168,81
0,3,1,2,0,1,-10,81
0,3,1,2,0,1,14,81
0,3,1,2,0,1,84,81
0,3,1,2,0,1,168,81
0,3,1,3,0,1,-10,81
0,3,1,4,0,1,-10,81
0,3,1,4,0,1,14,81
0,3,1,4,0,1,84,81
0,3,1,4,0,1,168,81
0,3,1,5,0,1,-10,81
0,3,2,0,1,1,-13,72
0,3,2,0,1,1,16,72
0,3,2,0,1,1,86,72
0,3,2,0,1,1,177,72
0,3,2,1,1,1,-13,72
0,3,2,1,1,1,16,72
0,3,2,1,1,1,86,72
0,3,2,1,1,1,177,72
0,3,2,6,1,1,-13,72
0,3,2,6,1,1,16,72
0,3,2,6,1,1,86,72
0,3,2,6,1,1,177,72
0,3,2,2,1,1,-13,72
0,3,2,2,1,1,16,72
0,3,2,2,1,1,86,72
0,3,2,2,1,1,177,72
0,3,2,3,1,1,-13,72
0,3,2,4,1,1,-13,72
0,3,2,4,1,1,16,72
0,3,2,4,1,1,86,72
0,3,2,4,1,1,177,72
0,3,2,5,1,1,-13,72
0,3,2,0,0,1,-17,87
0,3,2,0,0,1,14,87
0,3,2,1,0,1,-17,87
0,3,2,1,0,1,14,87
0,3,2,6,0,1,-17,87
0,3,2,6,0,1,14,87
0,3,2,2,0,1,-17,87
0,3,2,2,0,1,14,87
0,3,2,3,0,1,-17,87
0,3,2,4,0,1,-17,87
0,3,2,4,0,1,14,87
0,3,2,5,0,1,-17,87
1,3,2,0,0,1,-11,78
1,3,2,0,0,1,15,78
1,3,2,0,0,1,85,78
1,3,2,0,0,1,170,78
1,3,2,1,0,1,-11,78
1,3,2,1,0,1,15,78
1,3,2,1,0,1,85,78
1,3,2,1,0,1,170,78
1,3,2,6,0,1,-11,78
1,3,2,6,0,1,15,78
1,3,2,6,0,1,85,78
1,3,2,6,0,1,170,78
1,3,2,2,0,1,-11,78
1,3,2,2,0,1,15,78
1,3,2,2,0,1,85,78
1,3,2,2,0,1,170,78
1,3,2,3,0,1,-11,78
1,3,2,4,0,1,-11,78
1,3,2,4,0,1,15,78
1,3,2,4,0,1,85,78
1,3,2,4,0,1,170,78
1,3,2,5,0,1,-11,78
1,3,2,0,0,1,-8,85
1,3,2,0,0,1,-2,85
1,3,2,0,0,1,15,85
1,3,2,0,0,1,90,85
1,3,2,0,0,1,169,85
1,0,2,1,0,1,-8,85
1,3,2,1,0,1,-2,85
1,3,2,1,0,1,15,85
1,3,2,1,0,1,90,85
1,3,2,1,0,1,169,85
1,3,2,6,0,1,-8,85
1,3,2,6,0,1,-2,85
1,3,2,6,0,1,15,85
1,3,2,6,0,1,90,85
1,3,2,6,0,1,169,85
1,3,2,2,0,1,-8,85
1,3,2,2,0,1,-2,85
1,3,2,2,0,1,15,85
1,3,2,2,0,1,90,85
1,3,2,2,0,1,169,85
1,3,2,3,0,1,-8,85
1,3,2,4,0,1,-8,85
1,3,2,4,0,1,-2,85
1,3,2,4,0,1,15,85
1,3,2,4,0,1,90,85
1,3,2,4,0,1,169,85
1,3,2,5,0,1,-8,85
0,3,2,0,2,1,-26,84
0,3,2,0,2,1,15,84
0,3,2,0,2,1,43,84
0,3,2,1,2,1,-26,84
0,3,2,1,2,1,15,84
0,3,2,1,2,1,43,84
0,3,2,6,2,1,-26,84
0,3,2,6,2,1,15,84
0,3,2,6,2,1,43,84
0,3,2,2,2,1,-26,84
0,3,2,2,2,1,15,84
0,3,2,2,2,1,43,84
0,3,2,3,2,1,-26,84
0,3,2,4,2,1,-26,84
0,3,2,4,2,1,15,84
0,3,2,4,2,1,43,84
0,3,2,5,2,1,-26,84
1,3,2,0,0,1,-15,70
1,3,2,0,0,1,16,70
1,3,2,0,0,1,85,70
1,3,2,0,0,1,168,70
1,3,2,1,0,1,-15,70
1,3,2,1,0,1,16,70
1,3,2,1,0,1,85,70
1,3,2,1,0,1,168,70
1,3,2,6,0,1,-15,70
1,3,2,6,0,1,16,70
1,3,2,6,0,1,85,70
1,3,2,6,0,1,168,70
1,3,2,2,0,1,-15,70
1,3,2,2,0,1,16,70
1,3,2,2,0,1,85,70
1,3,2,2,0,1,168,70
1,3,2,3,0,1,-15,70
1,3,2,4,0,1,-15,70
1,3,2,4,0,1,16,70
1,3,2,4,0,1,85,70
1,3,2,4,0,1,168,70
1,3,2,5,0,1,-15,70
0,3,1,0,2,1,-9,57
0,3,1,0,2,1,15,57
0,3,1,0,2,1,85,57
0,3,1,0,2,1,174,57
0,3,1,1,2,1,-9,57
0,3,1,1,2,1,15,57
0,3,1,1,2,1,85,57
0,3,1,1,2,1,174,57
0,3,1,6,2,1,-9,57
0,3,1,6,2,1,15,57
0,3,1,6,2,1,85,57
0,3,1,6,2,1,174,57
0,3,1,2,2,1,-9,57
0,3,1,2,2,1,15,57
0,3,1,2,2,1,85,57
0,3,1,2,2,1,174,57
0,3,1,3,2,1,-9,57
0,3,1,4,2,1,-9,57
0,3,1,4,2,1,15,57
0,3,1,4,2,1,85,57
0,3,1,4,2,1,174,57
0,3,1,5,2,1,-9,57
1,3,2,0,1,0,-5,63
1,3,2,0,1,0,14,63
1,3,2,0,1,0,40,63
1,3,2,1,1,0,-5,63
1,3,2,1,1,0,14,63
1,3,2,1,1,0,40,63
1,3,2,6,1,0,-5,63
1,3,2,6,1,0,14,63
1,3,2,6,1,0,40,63
1,3,2,2,1,0,-5,63
1,3,2,2,1,0,14,63
1,3,2,2,1,0,40,63
1,3,2,3,1,0,-5,63
1,3,2,4,1,0,-5,63
1,3,2,4,1,0,14,63
1,3,2,4,1,0,40,63
1,3,2,5,1,0,-5,63
0,3,2,0,2,1,-23,84
0,3,2,0,2,1,-2,84
0,3,2,0,2,1,14,84
0,3,2,0,2,1,115,84
0,3,2,1,2,1,-23,84
0,3,2,1,2,1,-2,84
0,3,2,1,2,1,14,84
0,0,2,1,2,1,115,84
0,3,2,6,2,1,-23,84
0,3,2,6,2,1,-2,84
0,3,2,6,2,1,14,84
0,3,2,6,2,1,115,84
0,3,2,2,2,1,-23,84
0,3,2,2,2,1,-2,84
0,3,2,2,2,1,14,84
0,3,2,2,2,1,115,84
0,3,2,3,2,1,-23,84
0,3,2,3,2,1,-2,84
0,3,2,4,2,1,-23,84
0,3,2,4,2,1,-2,84
0,3,2,4,2,1,14,84
0,3,2,4,2,1,115,84
0,1,2,5,2,1,-23,84
1,3,2,0,0,1,-65,64
1,3,2,0,0,1,-9,64
1,3,2,0,0,1,13,64
1,3,2,0,0,1,85,64
1,3,2,0,0,1,161,64
1,3,2,1,0,1,-65,64
1,3,2,1,0,1,-9,64
1,3,2,1,0,1,13,64
1,3,2,1,0,1,85,64
1,3,2,1,0,1,161,64
1,3,2,6,0,1,-65,64
1,3,2,6,0,1,-9,64
1,3,2,6,0,1,13,64
1,3,2,6,0,1,85,64
1,3,2,6,0,1,161,64
1,3,2,2,0,1,-65,64
1,3,2,2,0,1,-9,64
1,3,2,2,0,1,13,64
1,3,2,2,0,1,85,64
1,3,2,2,0,1,161,64
1,3,2,3,0,1,-65,64
1,3,2,3,0,1,-9,64
1,3,2,4,0,1,-65,64
1,3,2,4,0,1,-9,64
1,3,2,4,0,1,13,64
1,3,2,4,0,1,85,64
1,3,2,4,0,1,161,64
1,3,2,5,0,1,-65,64
1,3,2,5,0,1,-9,64
1,3,2,0,1,1,-9,69
1,3,2,0,1,1,13,69
1,3,2,0,1,1,61,69
1,3,2,1,1,1,-9,69
1,3,2,1,1,1,13,69
1,3,2,1,1,1,61,69
1,3,2,6,1,1,-9,69
1,3,2,6,1,1,13,69
1,3,2,6,1,1,61,69
1,3,2,2,1,1,-9,69
1,3,2,2,1,1,13,69
1,3,2,2,1,1,61,69
1,3,2,3,1,1,-9,69
1,3,2,4,1,1,-9,69
1,3,2,4,1,1,13,69
1,3,2,4,1,1,61,69
1,3,2,5,1,1,-9,69
1,3,2,0,2,1,-14,71
1,3,2,0,2,1,15,71
1,3,2,0,2,1,87,71
1,3,2,0,2,1,114,71
1,3,2,1,2,1,-14,71
1,3,2,1,2,1,15,71
1,3,2,1,2,1,87,71
1,3,2,1,2,1,114,71
1,3,2,6,2,1,-14,71
1,3,2,6,2,1,15,71
1,3,2,6,2,1,87,71
1,3,2,6,2,1,114,71
1,3,2,2,2,1,-14,71
1,3,2,2,2,1,15,71
1,3,2,2,2,1,87,71
1,3,2,2,2,1,114,71
1,3,2,3,2,1,-14,71
1,3,2,4,2,1,-14,71
1,3,2,4,2,1,15,71
1,3,2,4,2,1,87,71
1,3,2,4,2,1,114,71
1,3,2,5,2,1,-14,71
0,3,2,0,0,1,-51,81
0,3,2,0,0,1,-2,81
0,3,2,1,0,1,-51,81
0,3,2,1,0,1,-2,81
0,3,2,6,0,1,-51,81
0,3,2,6,0,1,-2,81
0,3,2,2,0,1,-51,81
0,3,2,2,0,1,-2,81
0,3,2,3,0,1,-51,81
0,3,2,3,0,1,-2,81
0,3,2,4,0,1,-51,81
0,3,2,4,0,1,-2,81
0,3,2,5,0,1,-27,81
0,3,2,5,0,1,-2,81
0,3,2,0,0,1,-90,84
0,3,2,0,0,1,-13,84
0,3,2,0,0,1,17,84
0,3,2,0,0,1,85,84
0,3,2,0,0,1,169,84
0,3,2,1,0,1,-90,84
0,3,2,1,0,1,-13,84
0,3,2,1,0,1,17,84
0,3,2,1,0,1,85,84
0,3,2,1,0,1,169,84
0,3,2,6,0,1,-90,84
0,3,2,6,0,1,-13,84
0,3,2,6,0,1,17,84
0,3,2,6,0,1,85,84
0,3,2,6,0,1,169,84
0,3,2,2,0,1,-90,84
0,3,2,2,0,1,-13,84
0,3,2,2,0,1,17,84
0,3,2,2,0,1,85,84
0,3,2,2,0,1,169,84
0,1,2,3,0,1,-90,84
0,1,2,3,0,1,-76,84
0,3,2,3,0,1,-13,84
0,3,2,4,0,1,-90,84
0,3,2,4,0,1,-13,84
0,3,2,4,0,1,17,84
0,3,2,4,0,1,85,84
0,3,2,4,0,1,169,84
0,2,2,5,0,1,-90,84
0,3,2,5,0,1,-13,84
0,3,2,0,2,1,-6,81
0,3,2,0,2,1,19,81
0,3,2,0,2,1,87,81
0,3,2,0,2,1,114,81
0,3,2,1,2,1,-6,81
0,3,2,1,2,1,19,81
0,3,2,1,2,1,87,81
0,3,2,1,2,1,114,81
0,3,2,6,2,1,-6,81
0,3,2,6,2,1,19,81
0,3,2,6,2,1,87,81
0,3,2,6,2,1,114,81
0,3,2,2,2,1,-6,81
0,3,2,2,2,1,19,81
0,3,2,2,2,1,87,81
0,3,2,2,2,1,114,81
0,1,2,3,2,1,-6,81
0,3,2,4,2,1,-6,81
0,3,2,4,2,1,19,81
0,3,2,4,2,1,87,81
0,3,2,4,2,1,114,81
0,3,2,5,2,1,-7,81
0,1,2,5,2,1,-4,81
1,3,2,0,0,1,-10,75
1,3,2,1,0,1,-10,75
1,3,2,6,0,1,-10,75
1,3,2,2,0,1,-10,75
1,3,2,3,0,1,-10,75
1,3,2,4,0,1,-10,75
1,3,2,5,0,1,-10,75
1,3,2,0,2,1,-16,84
1,3,2,0,2,1,15,84
1,3,2,0,2,1,57,84
1,3,2,1,2,1,-16,84
1,3,2,1,2,1,15,84
1,3,2,1,2,1,57,84
1,3,2,6,2,1,-16,84
1,3,2,6,2,1,15,84
1,3,2,6,2,1,57,84
1,3,2,2,2,1,-16,84
1,3,2,2,2,1,15,84
1,3,2,2,2,1,57,84
1,3,2,3,2,1,-16,84
1,3,2,4,2,1,-16,84
1,3,2,4,2,1,15,84
1,3,2,4,2,1,57,84
1,3,2,5,2,1,-16,84
0,3,1,0,2,1,-101,76
0,3,1,0,2,1,-15,76
0,3,1,1,2,1,-101,76
0,3,1,1,2,1,-15,76
0,3,1,6,2,1,-101,76
0,3,1,6,2,1,-15,76
0,3,1,2,2,1,-101,76
0,3,1,2,2,1,-15,76
0,3,1,3,2,1,-101,76
0,3,1,3,2,1,-15,76
0,3,1,4,2,1,-101,76
0,3,1,4,2,1,-15,76
0,3,1,5,2,1,-101,76
0,3,1,5,2,1,-15,76
0,3,2,0,0,1,-16,72
0,3,2,0,0,1,15,72
0,3,2,0,0,1,84,72
0,3,2,0,0,1,162,72
0,3,2,1,0,1,-16,72
0,3,2,1,0,1,15,72
0,3,2,1,0,1,84,72
0,3,2,1,0,1,162,72
0,3,2,6,0,1,-16,72
0,3,2,6,0,1,15,72
0,3,2,6,0,1,84,72
0,3,2,6,0,1,162,72
0,3,2,2,0,1,-16,72
0,3,2,2,0,1,15,72
0,3,2,2,0,1,84,72
0,1,2,2,0,1,162,72
0,3,2,3,0,1,-16,72
0,3,2,4,0,1,-16,72
0,3,2,4,0,1,15,72
0,3,2,4,0,1,84,72
0,3,2,4,0,1,162,72
0,3,2,5,0,1,-16,72
0,3,2,0,1,1,-10,78
0,3,2,0,1,1,82,78
0,3,2,0,1,1,165,78
0,3,2,1,1,1,-10,78
0,3,2,1,1,1,82,78
0,3,2,1,1,1,165,78
0,3,2,6,1,1,-10,78
0,3,2,6,1,1,82,78
0,3,2,6,1,1,165,78
0,1,2,2,1,1,-10,78
0,3,2,2,1,1,82,78
0,3,2,2,1,1,165,78
0,3,2,3,1,1,-10,78
0,3,2,4,1,1,-10,78
0,3,2,4,1,1,82,78
0,3,2,4,1,1,165,78
0,3,2,5,1,1,-10,78
0,3,2,0,2,1,-16,72
0,3,2,1,2,1,-16,72
0,3,2,6,2,1,-16,72
0,3,2,2,2,1,-16,72
0,3,2,3,2,1,-16,72
0,3,2,4,2,1,-16,72
0,3,2,5,2,1,-16,72
0,3,2,0,1,1,-28,88
0,3,2,0,1,1,15,88
0,3,2,0,1,1,90,88
0,3,2,0,1,1,180,88
0,3,2,1,1,1,-28,88
0,3,2,1,1,1,15,88
0,3,2,1,1,1,90,88
0,3,2,1,1,1,180,88
0,3,2,6,1,1,-28,88
0,3,2,6,1,1,15,88
0,3,2,6,1,1,90,88
0,3,2,6,1,1,180,88
0,3,2,2,1,1,-28,88
0,3,2,2,1,1,15,88
0,3,2,2,1,1,90,88
0,3,2,2,1,1,180,88
0,3,2,3,1,1,-28,88
0,3,2,4,1,1,-28,88
0,3,2,4,1,1,15,88
0,3,2,4,1,1,90,88
0,3,2,4,1,1,180,88
0,3,2,5,1,1,-28,88
0,3,2,5,1,1,-17,88
0,3,2,0,0,1,-8,81
0,3,2,0,0,1,17,81
0,3,2,0,0,1,85,81
0,3,2,0,0,1,171,81
0,3,2,1,0,1,-8,81
0,3,2,1,0,1,17,81
0,3,2,1,0,1,85,81
0,3,2,1,0,1,171,81
0,3,2,6,0,1,-8,81
0,3,2,6,0,1,17,81
0,3,2,6,0,1,85,81
0,3,2,6,0,1,171,81
0,3,2,2,0,1,-8,81
0,3,2,2,0,1,17,81
0,3,2,2,0,1,85,81
0,3,2,2,0,1,171,81
0,3,2,3,0,1,-8,81
0,3,2,4,0,1,-8,81
0,3,2,4,0,1,17,81
0,3,2,4,0,1,85,81
0,3,2,4,0,1,171,81
0,3,2,5,0,1,-8,81
0,3,1,0,1,1,-79,67
0,3,1,0,1,1,-24,67
0,3,1,0,1,1,28,67
0,3,1,0,1,1,69,67
0,3,1,1,1,1,-79,67
0,3,1,1,1,1,-24,67
0,3,1,1,1,1,28,67
0,3,1,1,1,1,69,67
0,3,1,6,1,1,-79,67
0,3,1,6,1,1,-24,67
0,3,1,6,1,1,28,67
0,3,1,6,1,1,69,67
0,3,1,2,1,1,-79,67
0,3,1,2,1,1,-24,67
0,3,1,2,1,1,28,67
0,3,1,2,1,1,69,67
0,3,1,3,1,1,-24,67
0,3,1,4,1,1,-79,67
0,3,1,4,1,1,-24,67
0,3,1,4,1,1,28,67
0,3,1,4,1,1,69,67
0,3,1,5,1,1,-24,67
0,3,1,0,2,1,-10,81
0,3,1,0,2,1,85,81
0,3,1,0,2,1,168,81
0,3,1,1,2,1,-10,81
0,3,1,1,2,1,85,81
0,3,1,1,2,1,168,81
0,3,1,6,2,1,-10,81
0,3,1,6,2,1,85,81
0,3,1,6,2,1,168,81
0,2,1,2,2,1,-10,81
0,2,1,2,2,1,85,81
0,3,1,2,2,1,168,81
0,3,1,3,2,1,-10,81
0,3,1,4,2,1,-10,81
0,3,1,4,2,1,85,81
0,3,1,4,2,1,168,81
0,3,1,5,2,1,-10,81
1,3,2,0,2,1,-14,67
1,3,2,1,2,1,-14,67
1,3,2,6,2,1,-14,67
1,3,2,2,2,1,-14,67
1,3,2,3,2,1,-14,67
1,3,2,4,2,1,-14,67
1,3,2,5,2,1,-14,67
0,3,2,0,1,1,-13,76
0,3,2,0,1,1,15,76
0,3,2,0,1,1,83,76
0,3,2,0,1,1,170,76
0,3,2,1,1,1,-13,76
0,3,2,1,1,1,15,76
0,3,2,1,1,1,83,76
0,3,2,1,1,1,170,76
0,3,2,6,1,1,-13,76
0,3,2,6,1,1,15,76
0,3,2,6,1,1,83,76
0,3,2,6,1,1,170,76
0,3,2,2,1,1,-13,76
0,3,2,2,1,1,15,76
0,3,2,2,1,1,83,76
0,3,2,2,1,1,170,76
0,3,2,3,1,1,-13,76
0,3,2,4,1,1,-13,76
0,3,2,4,1,1,15,76
0,3,2,4,1,1,83,76
0,3,2,4,1,1,170,76
0,3,2,5,1,1,-13,76
0,3,2,0,1,1,-49,76
0,3,2,0,1,1,-7,76
0,3,2,0,1,1,16,76
0,3,2,1,1,1,-49,76
0,3,2,1,1,1,-7,76
0,3,2,1,1,1,16,76
0,3,2,6,1,1,-49,76
0,3,2,6,1,1,-7,76
0,3,2,6,1,1,16,76
0,3,2,2,1,1,-49,76
0,3,2,2,1,1,-7,76
0,3,2,2,1,1,16,76
0,2,2,3,1,1,-49,76
0,3,2,3,1,1,-7,76
0,3,2,4,1,1,-49,76
0,3,2,4,1,1,-7,76
0,3,2,4,1,1,16,76
0,3,2,5,1,1,-49,76
0,3,2,5,1,1,-7,76
1,3,2,0,2,1,-7,83
1,3,2,0,2,1,19,83
1,3,2,1,2,1,-7,83
1,3,2,1,2,1,19,83
1,3,2,6,2,1,-7,83
1,3,2,6,2,1,19,83
1,3,2,2,2,1,-7,83
1,3,2,2,2,1,19,83
1,3,2,3,2,1,-7,83
1,3,2,4,2,1,-7,83
1,3,2,4,2,1,19,83
1,3,2,5,2,1,-7,83
1,3,2,0,0,1,-14,80
1,3,2,0,0,1,16,80
1,3,2,0,0,1,99,80
1,3,2,0,0,1,139,80
1,3,2,1,0,1,-14,80
1,3,2,1,0,1,16,80
1,3,2,1,0,1,99,80
1,3,2,1,0,1,139,80
1,3,2,6,0,1,-14,80
1,3,2,6,0,1,16,80
1,3,2,6,0,1,99,80
1,3,2,6,0,1,139,80
1,3,2,2,0,1,-14,80
1,3,2,2,0,1,16,80
1,3,2,2,0,1,99,80
1,3,2,2,0,1,139,80
1,3,2,3,0,1,-14,80
1,3,2,4,0,1,-14,80
1,3,2,4,0,1,16,80
1,3,2,4,0,1,99,80
1,3,2,4,0,1,139,80
1,3,2,5,0,1,-14,80
1,3,2,0,1,1,-16,77
1,3,2,0,1,1,14,77
1,3,2,1,1,1,-16,77
1,3,2,1,1,1,14,77
1,3,2,6,1,1,-16,77
1,3,2,6,1,1,14,77
1,3,2,2,1,1,-16,77
1,3,2,2,1,1,14,77
1,3,2,3,1,1,-16,77
1,3,2,4,1,1,-16,77
1,3,2,4,1,1,14,77
1,3,2,5,1,1,-16,77
0,3,2,0,2,1,-14,81
0,3,2,0,2,1,15,81
0,3,2,0,2,1,64,81
0,3,2,1,2,1,-14,81
0,3,2,1,2,1,15,81
0,3,2,1,2,1,64,81
0,3,2,6,2,1,-14,81
0,3,2,6,2,1,15,81
0,3,2,6,2,1,64,81
0,3,2,2,2,1,-14,81
0,3,2,2,2,1,15,81
0,3,2,2,2,1,64,81
0,3,2,3,2,1,-14,81
0,3,2,4,2,1,-14,81
0,3,2,4,2,1,15,81
0,3,2,4,2,1,64,81
0,3,2,5,2,1,-14,81
1,3,2,0,1,1,-7,75
1,3,2,0,1,1,15,75
1,3,2,0,1,1,62,75
1,3,2,1,1,1,-7,75
1,3,2,1,1,1,15,75
1,3,2,1,1,1,62,75
1,3,2,6,1,1,-7,75
1,3,2,6,1,1,15,75
1,3,2,6,1,1,62,75
1,3,2,2,1,1,-7,75
1,3,2,2,1,1,15,75
1,3,2,2,1,1,62,75
1,3,2,3,1,1,-7,75
1,3,2,4,1,1,-7,75
1,3,2,4,1,1,15,75
1,3,2,4,1,1,62,75
1,3,2,5,1,1,-7,75
0,3,2,0,1,1,-7,80
0,3,2,0,1,1,69,80
0,3,2,1,1,1,-7,80
0,3,2,1,1,1,69,80
0,3,2,6,1,1,-7,80
0,3,2,6,1,1,69,80
0,3,2,2,1,1,-7,80
0,3,2,2,1,1,69,80
0,2,2,3,1,1,-7,80
0,3,2,4,1,1,-7,80
0,3,2,4,1,1,69,80
0,3,2,5,1,1,-7,80
1,3,2,0,1,1,-43,79
1,3,2,0,1,1,-21,79
1,3,2,0,1,1,-13,79
1,3,2,0,1,1,16,79
1,3,2,0,1,1,85,79
1,3,2,0,1,1,98,79
1,3,2,1,1,1,-43,79
1,3,2,1,1,1,-21,79
1,3,2,1,1,1,-13,79
1,3,2,1,1,1,16,79
1,3,2,1,1,1,85,79
1,3,2,1,1,1,98,79
1,3,2,6,1,1,-43,79
1,3,2,6,1,1,-21,79
1,3,2,6,1,1,-13,79
1,3,2,6,1,1,16,79
1,3,2,6,1,1,85,79
1,3,2,6,1,1,98,79
1,3,2,2,1,1,-43,79
1,1,2,2,1,1,-21,79
1,3,2,2,1,1,-13,79
1,1,2,2,1,1,16,79
1,1,2,2,1,1,85,79
1,3,2,2,1,1,98,79
1,3,2,3,1,1,-43,79
1,3,2,3,1,1,-21,79
1,3,2,4,1,1,-43,79
1,3,2,4,1,1,-21,79
1,3,2,4,1,1,-13,79
1,3,2,4,1,1,16,79
1,3,2,4,1,1,85,79
1,3,2,4,1,1,98,79
1,3,2,5,1,1,-43,79
1,3,2,5,1,1,-21,79
1,3,2,0,2,1,-14,77
1,3,2,0,2,1,12,77
1,3,2,0,2,1,85,77
1,3,2,0,2,1,167,77
1,3,2,1,2,1,-14,77
1,3,2,1,2,1,12,77
1,3,2,1,2,1,85,77
1,3,2,1,2,1,167,77
1,3,2,6,2,1,-14,77
1,3,2,6,2,1,12,77
1,3,2,6,2,1,85,77
1,3,2,6,2,1,167,77
1,3,2,2,2,1,-14,77
1,3,2,2,2,1,12,77
1,3,2,2,2,1,85,77
1,3,2,2,2,1,167,77
1,3,2,3,2,1,-14,77
1,3,2,4,2,1,-14,77
1,3,2,4,2,1,12,77
1,3,2,4,2,1,85,77
1,3,2,4,2,1,167,77
1,3,2,5,2,1,-14,77
0,3,2,0,2,1,-15,71
0,3,2,0,2,1,14,71
0,3,2,0,2,1,64,71
0,3,2,1,2,1,-15,71
0,3,2,1,2,1,14,71
0,3,2,1,2,1,64,71
0,3,2,6,2,1,-15,71
0,3,2,6,2,1,14,71
0,3,2,6,2,1,64,71
0,3,2,2,2,1,-15,71
0,3,2,2,2,1,14,71
0,1,2,2,2,1,64,71
0,3,2,3,2,1,-15,71
0,3,2,4,2,1,-15,71
0,3,2,4,2,1,14,71
0,3,2,4,2,1,64,71
0,2,2,5,2,1,-15,71
0,3,2,0,0,1,-16,84
0,3,2,0,0,1,15,84
0,3,2,0,0,1,85,84
0,3,2,0,0,1,167,84
0,3,2,1,0,1,-16,84
0,3,2,1,0,1,15,84
0,3,2,1,0,1,85,84
0,3,2,1,0,1,167,84
0,3,2,6,0,1,-16,84
0,3,2,6,0,1,15,84
0,3,2,6,0,1,85,84
0,3,2,6,0,1,167,84
0,3,2,2,0,1,-16,84
0,3,2,2,0,1,15,84
0,3,2,2,0,1,85,84
0,3,2,2,0,1,167,84
0,3,2,3,0,1,-16,84
0,3,2,4,0,1,-16,84
0,3,2,4,0,1,15,84
0,3,2,4,0,1,85,84
0,3,2,4,0,1,167,84
0,1,2,5,0,1,-16,84
0,3,2,0,2,1,-8,74
0,3,2,0,2,1,15,74
0,3,2,0,2,1,84,74
0,3,2,0,2,1,147,74
0,3,2,0,2,1,183,74
0,3,2,1,2,1,-8,74
0,3,2,1,2,1,15,74
0,3,2,1,2,1,84,74
0,0,2,1,2,1,147,74
0,3,2,1,2,1,183,74
0,3,2,6,2,1,-8,74
0,3,2,6,2,1,15,74
0,3,2,6,2,1,84,74
0,3,2,6,2,1,147,74
0,3,2,6,2,1,183,74
0,3,2,2,2,1,-8,74
0,3,2,2,2,1,15,74
0,3,2,2,2,1,84,74
0,3,2,2,2,1,147,74
0,3,2,2,2,1,183,74
0,3,2,3,2,1,-8,74
0,3,2,4,2,1,-8,74
0,3,2,4,2,1,15,74
0,3,2,4,2,1,84,74
0,3,2,4,2,1,147,74
0,3,2,4,2,1,183,74
0,3,2,5,2,1,-8,74
0,3,2,0,0,1,-20,67
0,3,2,0,0,1,16,67
0,3,2,0,0,1,89,67
0,3,2,0,0,1,180,67
0,3,2,1,0,1,-20,67
0,0,2,1,0,1,16,67
0,3,2,1,0,1,89,67
0,3,2,1,0,1,180,67
0,3,2,6,0,1,-20,67
0,3,2,6,0,1,16,67
0,3,2,6,0,1,89,67
0,3,2,6,0,1,180,67
0,3,2,2,0,1,-20,67
0,3,2,2,0,1,16,67
0,3,2,2,0,1,89,67
0,3,2,2,0,1,180,67
0,3,2,3,0,1,-20,67
0,3,2,4,0,1,-20,67
0,3,2,4,0,1,16,67
0,3,2,4,0,1,89,67
0,3,2,4,0,1,180,67
0,3,2,5,0,1,-20,67
0,3,2,0,2,1,-64,81
0,3,2,0,2,1,-8,81
0,3,2,0,2,1,15,81
0,3,2,0,2,1,57,81
0,3,2,0,2,1,85,81
0,3,2,0,2,1,176,81
0,3,2,1,2,1,-64,81
0,3,2,1,2,1,-8,81
0,3,2,1,2,1,15,81
0,3,2,1,2,1,57,81
0,3,2,1,2,1,85,81
0,3,2,1,2,1,176,81
0,3,2,6,2,1,-64,81
0,3,2,6,2,1,-8,81
0,3,2,6,2,1,15,81
0,3,2,6,2,1,57,81
0,3,2,6,2,1,85,81
0,3,2,6,2,1,176,81
0,3,2,2,2,1,-64,81
0,3,2,2,2,1,-8,81
0,3,2,2,2,1,15,81
0,3,2,2,2,1,57,81
0,3,2,2,2,1,85,81
0,3,2,2,2,1,176,81
0,3,2,3,2,1,-64,81
0,3,2,3,2,1,-8,81
0,3,2,4,2,1,-64,81
0,3,2,4,2,1,-8,81
0,3,2,4,2,1,15,81
0,3,2,4,2,1,57,81
0,3,2,4,2,1,85,81
0,3,2,4,2,1,176,81
0,3,2,5,2,1,-64,81
0,3,2,5,2,1,-39,81
0,3,2,5,2,1,-8,81
0,3,2,0,0,1,-14,87
0,3,2,0,0,1,15,87
0,3,2,0,0,1,85,87
0,3,2,1,0,1,-14,87
0,3,2,1,0,1,15,87
0,3,2,1,0,1,85,87
0,3,2,6,0,1,-14,87
0,3,2,6,0,1,15,87
0,3,2,6,0,1,85,87
0,3,2,2,0,1,-14,87
0,3,2,2,0,1,15,87
0,3,2,2,0,1,85,87
0,3,2,3,0,1,-14,87
0,3,2,4,0,1,-14,87
0,3,2,4,0,1,15,87
0,3,2,4,0,1,85,87
0,3,2,5,0,1,-14,87
1,3,2,0,1,1,-11,86
1,3,2,0,1,1,12,86
1,3,2,1,1,1,-11,86
1,3,2,1,1,1,12,86
1,3,2,6,1,1,-11,86
1,3,2,6,1,1,12,86
1,3,2,2,1,1,-11,86
1,3,2,2,1,1,12,86
1,3,2,3,1,1,-11,86
1,3,2,4,1,1,-11,86
1,3,2,4,1,1,12,86
1,3,2,5,1,1,-11,86
0,3,2,0,0,1,-7,71
0,3,2,0,0,1,15,71
0,3,2,1,0,1,-7,71
0,3,2,1,0,1,15,71
0,3,2,6,0,1,-7,71
0,3,2,6,0,1,15,71
0,3,2,2,0,1,-7,71
0,3,2,2,0,1,15,71
0,3,2,3,0,1,-7,71
0,3,2,4,0,1,-7,71
0,3,2,4,0,1,15,71
0,3,2,5,0,1,-7,71
1,3,2,0,1,1,-8,82
1,3,2,0,1,1,15,82
1,3,2,0,1,1,55,82
1,3,2,1,1,1,-8,82
1,3,2,1,1,1,15,82
1,3,2,1,1,1,55,82
1,3,2,6,1,1,-8,82
1,3,2,6,1,1,15,82
1,3,2,6,1,1,55,82
1,3,2,2,1,1,-8,82
1,3,2,2,1,1,15,82
1,3,2,2,1,1,55,82
1,3,2,3,1,1,-8,82
1,3,2,4,1,1,-8,82
1,3,2,4,1,1,15,82
1,3,2,4,1,1,55,82
1,3,2,5,1,1,-8,82
0,3,2,0,2,1,-26,68
0,3,2,1,2,1,-26,68
0,3,2,6,2,1,-26,68
0,3,2,2,2,1,-26,68
0,3,2,3,2,1,-26,68
0,3,2,4,2,1,-26,68
0,3,2,5,2,1,-26,68
1,3,2,0,2,1,-8,81
1,3,2,0,2,1,15,81
1,3,2,0,2,1,106,81
1,3,2,1,2,1,-8,81
1,3,2,1,2,1,15,81
1,3,2,1,2,1,106,81
1,3,2,6,2,1,-8,81
1,3,2,6,2,1,15,81
1,3,2,6,2,1,106,81
1,3,2,2,2,1,-8,81
1,3,2,2,2,1,15,81
1,3,2,2,2,1,106,81
1,3,2,3,2,1,-8,81
1,3,2,4,2,1,-8,81
1,3,2,4,2,1,15,81
1,3,2,4,2,1,106,81
1,3,2,5,2,1,-8,81
1,3,2,0,1,1,-15,80
1,3,2,0,1,1,15,80
1,3,2,0,1,1,70,80
1,3,2,1,1,1,-15,80
1,3,2,1,1,1,15,80
1,3,2,1,1,1,70,80
1,3,2,6,1,1,-15,80
1,3,2,6,1,1,15,80
1,3,2,6,1,1,70,80
1,3,2,2,1,1,-15,80
1,3,2,2,1,1,15,80
1,1,2,2,1,1,70,80
1,3,2,3,1,1,-15,80
1,3,2,4,1,1,-15,80
1,3,2,4,1,1,15,80
1,3,2,4,1,1,70,80
1,1,2,5,1,1,-15,80
1,3,2,0,0,1,-16,70
1,3,2,0,0,1,78,70
1,3,2,0,0,1,175,70
1,3,2,1,0,1,-16,70
1,3,2,1,0,1,78,70
1,3,2,1,0,1,175,70
1,3,2,6,0,1,-16,70
1,3,2,6,0,1,78,70
1,3,2,6,0,1,175,70
1,3,2,2,0,1,-16,70
1,3,2,2,0,1,78,70
1,3,2,2,0,1,175,70
1,3,2,3,0,1,-16,70
1,3,2,4,0,1,-16,70
1,3,2,4,0,1,78,70
1,3,2,4,0,1,175,70
1,3,2,5,0,1,-16,70
1,3,2,0,0,1,-9,81
1,3,2,0,0,1,15,81
1,3,2,0,0,1,83,81
1,3,2,0,0,1,168,81
1,3,2,1,0,1,-9,81
1,3,2,1,0,1,15,81
1,3,2,1,0,1,83,81
1,3,2,1,0,1,168,81
1,3,2,6,0,1,-9,81
1,3,2,6,0,1,15,81
1,3,2,6,0,1,83,81
1,3,2,6,0,1,168,81
1,3,2,2,0,1,-9,81
1,3,2,2,0,1,15,81
1,3,2,2,0,1,83,81
1,3,2,2,0,1,168,81
1,3,2,3,0,1,-9,81
1,3,2,4,0,1,-9,81
1,3,2,4,0,1,15,81
1,3,2,4,0,1,83,81
1,3,2,4,0,1,168,81
1,3,2,5,0,1,-9,81
1,3,2,0,0,1,-19,74
1,3,2,0,0,1,15,74
1,3,2,0,0,1,57,74
1,3,2,1,0,1,-19,74
1,3,2,1,0,1,15,74
1,3,2,1,0,1,57,74
1,3,2,6,0,1,-19,74
1,3,2,6,0,1,15,74
1,3,2,6,0,1,57,74
1,3,2,2,0,1,-19,74
1,3,2,2,0,1,15,74
1,3,2,2,0,1,57,74
1,3,2,3,0,1,-19,74
1,3,2,4,0,1,-19,74
1,3,2,4,0,1,15,74
1,3,2,4,0,1,57,74
1,3,2,5,0,1,-19,74
1,3,2,0,0,1,-10,75
1,3,2,0,0,1,15,75
1,3,2,0,0,1,88,75
1,3,2,0,0,1,144,75
1,3,2,1,0,1,-10,75
1,3,2,1,0,1,15,75
1,3,2,1,0,1,88,75
1,3,2,1,0,1,144,75
1,3,2,6,0,1,-10,75
1,3,2,6,0,1,15,75
1,3,2,6,0,1,88,75
1,3,2,6,0,1,144,75
1,3,2,2,0,1,-10,75
1,3,2,2,0,1,15,75
1,3,2,2,0,1,88,75
1,3,2,2,0,1,144,75
1,2,2,3,0,1,-10,75
1,2,2,3,0,1,-8,75
1,3,2,4,0,1,-10,75
1,3,2,4,0,1,15,75
1,3,2,4,0,1,88,75
1,3,2,4,0,1,144,75
1,3,2,5,0,1,-10,75
0,3,2,0,0,1,-5,69
0,3,2,1,0,1,-5,69
0,3,2,6,0,1,-5,69
0,3,2,2,0,1,-5,69
0,3,2,3,0,1,-5,69
0,3,2,4,0,1,-5,69
0,3,2,5,0,1,-5,69
0,3,2,0,2,0,-10,56
0,3,2,0,2,0,22,56
0,3,2,0,2,0,86,56
0,3,2,0,2,0,166,56
0,3,2,1,2,0,-10,56
0,3,2,1,2,0,22,56
0,3,2,1,2,0,86,56
0,3,2,1,2,0,166,56
0,3,2,6,2,0,-10,56
0,3,2,6,2,0,22,56
0,3,2,6,2,0,86,56
0,3,2,6,2,0,166,56
0,2,2,2,2,0,-10,56
0,3,2,2,2,0,22,56
0,3,2,2,2,0,86,56
0,3,2,2,2,0,166,56
0,3,2,3,2,0,-10,56
0,3,2,4,2,0,-10,56
0,3,2,4,2,0,22,56
0,3,2,4,2,0,86,56
0,3,2,4,2,0,166,56
0,3,2,5,2,0,-10,56
0,3,2,0,0,1,-3,66
0,3,2,0,0,1,15,66
0,3,2,0,0,1,60,66
0,3,2,0,0,1,95,66
0,3,2,0,0,1,123,66
0,3,2,1,0,1,-3,66
0,3,2,1,0,1,15,66
0,3,2,1,0,1,60,66
0,3,2,1,0,1,95,66
0,3,2,1,0,1,123,66
0,3,2,6,0,1,-3,66
0,3,2,6,0,1,15,66
0,3,2,6,0,1,60,66
0,3,2,6,0,1,95,66
0,3,2,6,0,1,123,66
0,3,2,2,0,1,-3,66
0,3,2,2,0,1,15,66
0,3,2,2,0,1,60,66
0,3,2,2,0,1,95,66
0,3,2,2,0,1,123,66
0,3,2,3,0,1,-3,66
0,3,2,4,0,1,-3,66
0,3,2,4,0,1,15,66
0,3,2,4,0,1,60,66
0,3,2,4,0,1,95,66
0,3,2,4,0,1,123,66
0,3,2,5,0,1,-3,66
0,3,2,0,0,1,-5,84
0,3,2,0,0,1,16,84
0,3,2,0,0,1,19,84
0,3,2,0,0,1,22,84
0,3,2,0,0,1,31,84
0,3,2,1,0,1,-5,84
0,3,2,1,0,1,16,84
0,3,2,1,0,1,19,84
0,3,2,1,0,1,22,84
0,3,2,1,0,1,31,84
0,3,2,6,0,1,-5,84
0,3,2,6,0,1,16,84
0,3,2,6,0,1,19,84
0,3,2,6,0,1,22,84
0,3,2,6,0,1,31,84
0,3,2,2,0,1,-5,84
0,3,2,2,0,1,16,84
0,3,2,2,0,1,19,84
0,3,2,2,0,1,22,84
0,3,2,2,0,1,31,84
0,3,2,3,0,1,-5,84
0,3,2,4,0,1,-5,84
0,3,2,4,0,1,16,84
0,3,2,4,0,1,19,84
0,0,2,4,0,1,22,84
0,3,2,4,0,1,31,84
0,3,2,5,0,1,-5,84
0,3,2,5,0,1,31,84
1,3,2,0,2,1,-5,87
1,3,2,0,2,1,14,87
1,3,2,1,2,1,-5,87
1,3,2,1,2,1,14,87
1,3,2,6,2,1,-5,87
1,3,2,6,2,1,14,87
1,1,2,2,2,1,-5,87
1,3,2,2,2,1,14,87
1,3,2,3,2,1,-5,87
1,3,2,4,2,1,-5,87
1,3,2,4,2,1,14,87
1,3,2,5,2,1,-5,87
0,3,2,0,1,1,-6,56
0,3,2,0,1,1,15,56
0,3,2,0,1,1,92,56
0,3,2,0,1,1,176,56
0,3,2,0,1,1,189,56
0,3,2,1,1,1,-6,56
0,3,2,1,1,1,15,56
0,3,2,1,1,1,92,56
0,0,2,1,1,1,176,56
0,3,2,1,1,1,189,56
0,3,2,6,1,1,-6,56
0,3,2,6,1,1,15,56
0,3,2,6,1,1,92,56
0,3,2,6,1,1,176,56
0,3,2,6,1,1,189,56
0,2,2,2,1,1,-6,56
0,3,2,2,1,1,15,56
0,2,2,2,1,1,92,56
0,3,2,2,1,1,176,56
0,3,2,2,1,1,189,56
0,3,2,3,1,1,-6,56
0,3,2,4,1,1,-6,56
0,3,2,4,1,1,15,56
0,3,2,4,1,1,92,56
0,3,2,4,1,1,176,56
0,3,2,4,1,1,189,56
0,3,2,5,1,1,-6,56
0,3,1,0,1,1,-2,73
0,3,1,0,1,1,18,73
0,3,1,0,1,1,83,73
0,3,1,0,1,1,110,73
0,3,1,1,1,1,-2,73
0,3,1,1,1,1,18,73
0,3,1,1,1,1,83,73
0,3,1,1,1,1,110,73
0,3,1,6,1,1,-2,73
0,3,1,6,1,1,18,73
0,3,1,6,1,1,83,73
0,3,1,6,1,1,110,73
0,3,1,2,1,1,-2,73
0,3,1,2,1,1,18,73
0,3,1,2,1,1,83,73
0,3,1,2,1,1,110,73
0,3,1,3,1,1,-2,73
0,3,1,4,1,1,-2,73
0,3,1,4,1,1,18,73
0,3,1,4,1,1,83,73
0,3,1,4,1,1,110,73
0,1,1,5,1,1,-2,73
0,3,1,0,0,1,-10,70
0,3,1,0,0,1,15,70
0,3,1,0,0,1,85,70
0,3,1,0,0,1,168,70
0,3,1,1,0,1,-10,70
0,3,1,1,0,1,15,70
0,3,1,1,0,1,85,70
0,3,1,1,0,1,168,70
0,3,1,6,0,1,-10,70
0,3,1,6,0,1,15,70
0,3,1,6,0,1,85,70
0,3,1,6,0,1,168,70
0,1,1,2,0,1,-10,70
0,3,1,2,0,1,15,70
0,3,1,2,0,1,85,70
0,3,1,2,0,1,168,70
0,3,1,3,0,1,-10,70
0,3,1,4,0,1,-10,70
0,3,1,4,0,1,15,70
0,3,1,4,0,1,85,70
0,3,1,4,0,1,168,70
0,3,1,5,0,1,-10,70
0,3,1,0,2,1,-4,60
0,3,1,0,2,1,16,60
0,3,1,0,2,1,117,60
0,3,1,0,2,1,197,60
0,3,1,1,2,1,-4,60
0,3,1,1,2,1,16,60
0,3,1,1,2,1,117,60
0,3,1,1,2,1,197,60
0,3,1,6,2,1,-4,60
0,3,1,6,2,1,16,60
0,3,1,6,2,1,117,60
0,3,1,6,2,1,197,60
0,3,1,2,2,1,-4,60
0,3,1,2,2,1,16,60
0,3,1,2,2,1,117,60
0,3,1,2,2,1,197,60
0,3,1,3,2,1,-4,60
0,3,1,4,2,1,-4,60
0,3,1,4,2,1,16,60
0,3,1,4,2,1,117,60
0,3,1,4,2,1,197,60
0,3,1,5,2,1,-4,60
1,3,2,0,1,1,-6,72
1,3,2,0,1,1,15,72
1,3,2,0,1,1,78,72
1,3,2,1,1,1,-6,72
1,3,2,1,1,1,15,72
1,3,2,1,1,1,78,72
1,3,2,6,1,1,-6,72
1,3,2,6,1,1,15,72
1,3,2,6,1,1,78,72
1,3,2,2,1,1,-6,72
1,3,2,2,1,1,15,72
1,3,2,2,1,1,78,72
1,3,2,3,1,1,-6,72
1,3,2,4,1,1,-6,72
1,3,2,4,1,1,15,72
1,3,2,4,1,1,78,72
1,3,2,5,1,1,-6,72
0,3,2,0,1,1,-7,74
0,3,2,0,1,1,21,74
0,3,2,0,1,1,83,74
0,3,2,1,1,1,-7,74
0,3,2,1,1,1,21,74
0,3,2,1,1,1,83,74
0,3,2,6,1,1,-7,74
0,3,2,6,1,1,21,74
0,3,2,6,1,1,83,74
0,3,2,2,1,1,-7,74
0,3,2,2,1,1,21,74
0,3,2,2,1,1,83,74
0,3,2,3,1,1,-7,74
0,3,2,4,1,1,-7,74
0,3,2,4,1,1,21,74
0,3,2,4,1,1,83,74
0,3,2,5,1,1,-7,74
0,3,2,0,0,0,-14,86
0,3,2,0,0,0,-7,86
0,3,2,0,0,0,15,86
0,3,2,0,0,0,80,86
0,3,2,0,0,0,169,86
0,3,2,1,0,0,-14,86
0,3,2,1,0,0,-7,86
0,3,2,1,0,0,15,86
0,3,2,1,0,0,80,86
0,3,2,1,0,0,169,86
0,3,2,6,0,0,-14,86
0,3,2,6,0,0,-7,86
0,3,2,6,0,0,15,86
0,3,2,6,0,0,80,86
0,3,2,6,0,0,169,86
0,3,2,2,0,0,-14,86
0,3,2,2,0,0,-7,86
0,3,2,2,0,0,15,86
0,3,2,2,0,0,80,86
0,3,2,2,0,0,169,86
0,3,2,3,0,0,-14,86
0,3,2,4,0,0,-14,86
0,3,2,4,0,0,-7,86
0,3,2,4,0,0,15,86
0,3,2,4,0,0,80,86
0,3,2,4,0,0,169,86
0,2,2,5,0,0,-14,86
0,3,1,0,1,1,-6,63
0,3,1,0,1,1,22,63
0,3,1,1,1,1,-6,63
0,3,1,1,1,1,22,63
0,3,1,6,1,1,-6,63
0,3,1,6,1,1,22,63
0,3,1,2,1,1,-6,63
0,3,1,2,1,1,22,63
0,3,1,3,1,1,-6,63
0,3,1,4,1,1,-6,63
0,3,1,4,1,1,22,63
0,3,1,5,1,1,-6,63
1,3,2,0,2,1,-4,82
1,3,2,1,2,1,-4,82
1,3,2,6,2,1,-4,82
1,3,2,2,2,1,-4,82
1,3,2,3,2,1,-4,82
1,3,2,4,2,1,-4,82
1,3,2,5,2,1,-4,82
0,3,2,0,2,1,21,84
0,3,2,0,2,1,167,84
0,3,2,1,2,1,21,84
0,3,2,1,2,1,167,84
0,3,2,6,2,1,21,84
0,3,2,6,2,1,167,84
0,3,2,2,2,1,21,84
0,3,2,2,2,1,167,84
0,3,2,3,2,1,-5,84
0,3,2,4,2,1,21,84
0,3,2,4,2,1,167,84
0,3,2,5,2,1,-5,84
0,3,2,0,2,0,-7,68
0,3,2,0,2,0,15,68
0,3,2,0,2,0,88,68
0,3,2,0,2,0,166,68
0,3,2,1,2,0,-7,68
0,3,2,1,2,0,15,68
0,3,2,1,2,0,88,68
0,3,2,1,2,0,166,68
0,3,2,6,2,0,-7,68
0,3,2,6,2,0,15,68
0,3,2,6,2,0,88,68
0,3,2,6,2,0,166,68
0,3,2,2,2,0,-7,68
0,3,2,2,2,0,15,68
0,3,2,2,2,0,88,68
0,3,2,2,2,0,166,68
0,3,2,3,2,0,-7,68
0,3,2,4,2,0,-7,68
0,3,2,4,2,0,15,68
0,3,2,4,2,0,88,68
0,3,2,4,2,0,166,68
0,3,2,5,2,0,-7,68
0,3,1,0,0,1,-10,64
0,3,1,0,0,1,15,64
0,3,1,0,0,1,197,64
0,3,1,1,0,1,-10,64
0,3,1,1,0,1,15,64
0,3,1,1,0,1,197,64
0,3,1,6,0,1,-10,64
0,3,1,6,0,1,15,64
0,3,1,6,0,1,197,64
0,3,1,2,0,1,-10,64
0,3,1,2,0,1,15,64
0,3,1,2,0,1,197,64
0,3,1,3,0,1,-10,64
0,2,1,3,0,1,211,64
0,3,1,4,0,1,-10,64
0,3,1,4,0,1,15,64
0,3,1,4,0,1,197,64
0,3,1,5,0,1,-10,64
0,3,2,0,1,1,-14,60
0,3,2,0,1,1,15,60
0,3,2,0,1,1,43,60
0,3,2,1,1,1,-14,60
0,3,2,1,1,1,15,60
0,3,2,1,1,1,43,60
0,3,2,6,1,1,-14,60
0,3,2,6,1,1,15,60
0,3,2,6,1,1,43,60
0,1,2,2,1,1,-14,60
0,3,2,2,1,1,15,60
0,3,2,2,1,1,43,60
0,3,2,3,1,1,-14,60
0,3,2,4,1,1,-14,60
0,3,2,4,1,1,15,60
0,3,2,4,1,1,43,60
0,3,2,5,1,1,-14,60
0,3,2,0,2,1,-18,74
0,3,2,0,2,1,15,74
0,3,2,1,2,1,-18,74
0,3,2,1,2,1,15,74
0,3,2,6,2,1,-18,74
0,3,2,6,2,1,15,74
0,3,2,2,2,1,-18,74
0,3,2,2,2,1,15,74
0,3,2,3,2,1,-21,74
0,3,2,4,2,1,-18,74
0,3,2,4,2,1,15,74
0,3,2,5,2,1,-21,74
0,3,2,0,2,1,-8,72
0,3,2,0,2,1,20,72
0,3,2,1,2,1,-8,72
0,3,2,1,2,1,20,72
0,3,2,6,2,1,-8,72
0,3,2,6,2,1,20,72
0,3,2,2,2,1,-8,72
0,3,2,2,2,1,20,72
0,3,2,3,2,1,-8,72
0,3,2,4,2,1,-8,72
0,3,2,4,2,1,20,72
0,3,2,5,2,1,-8,72
1,3,2,0,0,1,-8,65
1,3,2,0,0,1,16,65
1,3,2,0,0,1,84,65
1,3,2,0,0,1,168,65
1,3,2,1,0,1,-8,65
1,3,2,1,0,1,16,65
1,3,2,1,0,1,84,65
1,3,2,1,0,1,168,65
1,3,2,6,0,1,-8,65
1,3,2,6,0,1,16,65
1,3,2,6,0,1,84,65
1,3,2,6,0,1,168,65
1,3,2,2,0,1,-8,65
1,3,2,2,0,1,16,65
1,3,2,2,0,1,84,65
1,3,2,2,0,1,168,65
1,3,2,3,0,1,-8,65
1,3,2,4,0,1,-8,65
1,3,2,4,0,1,16,65
1,3,2,4,0,1,84,65
1,3,2,4,0,1,168,65
1,3,2,5,0,1,-8,65
1,3,2,0,2,1,-10,68
1,3,2,0,2,1,35,68
1,3,2,1,2,1,-10,68
1,3,2,1,2,1,35,68
1,3,2,6,2,1,-10,68
1,3,2,6,2,1,35,68
1,3,2,2,2,1,-10,68
1,3,2,2,2,1,35,68
1,3,2,3,2,1,-10,68
1,3,2,4,2,1,-10,68
1,3,2,4,2,1,35,68
1,2,2,5,2,1,-10,68
1,3,2,0,2,1,-7,62
1,3,2,0,2,1,15,62
1,3,2,0,2,1,29,62
1,3,2,1,2,1,-7,62
1,3,2,1,2,1,15,62
1,3,2,1,2,1,29,62
1,3,2,6,2,1,-7,62
1,3,2,6,2,1,15,62
1,3,2,6,2,1,29,62
1,3,2,2,2,1,-7,62
1,3,2,2,2,1,15,62
1,3,2,2,2,1,29,62
1,3,2,3,2,1,-7,62
1,3,2,4,2,1,-7,62
1,3,2,4,2,1,15,62
1,3,2,4,2,1,29,62
1,3,2,5,2,1,-7,62
0,3,2,0,2,1,-8,73
0,3,2,0,2,1,15,73
0,3,2,0,2,1,85,73
0,3,2,0,2,1,173,73
0,3,2,1,2,1,-8,73
0,3,2,1,2,1,15,73
0,3,2,1,2,1,85,73
0,3,2,1,2,1,173,73
0,3,2,6,2,1,-8,73
0,3,2,6,2,1,15,73
0,3,2,6,2,1,85,73
0,3,2,6,2,1,173,73
0,3,2,2,2,1,-8,73
0,3,2,2,2,1,15,73
0,3,2,2,2,1,85,73
0,3,2,2,2,1,173,73
0,3,2,3,2,1,-8,73
0,3,2,4,2,1,-8,73
0,3,2,4,2,1,15,73
0,3,2,4,2,1,85,73
0,3,2,4,2,1,173,73
0,3,2,5,2,1,-8,73
0,3,2,0,0,1,-16,74
0,3,2,0,0,1,15,74
0,3,2,0,0,1,90,74
0,3,2,0,0,1,171,74
0,3,2,1,0,1,-16,74
0,3,2,1,0,1,15,74
0,3,2,1,0,1,90,74
0,3,2,1,0,1,171,74
0,3,2,6,0,1,-16,74
0,3,2,6,0,1,15,74
0,3,2,6,0,1,90,74
0,3,2,6,0,1,171,74
0,3,2,2,0,1,-16,74
0,3,2,2,0,1,15,74
0,3,2,2,0,1,90,74
0,3,2,2,0,1,171,74
0,3,2,3,0,1,-16,74
0,3,2,4,0,1,-16,74
0,3,2,4,0,1,15,74
0,3,2,4,0,1,90,74
0,3,2,4,0,1,171,74
0,3,2,5,0,1,-16,74
0,3,2,0,0,1,-10,81
0,3,2,0,0,1,19,81
0,3,2,0,0,1,43,81
0,3,2,1,0,1,-10,81
0,3,2,1,0,1,19,81
0,3,2,1,0,1,43,81
0,3,2,6,0,1,-10,81
0,3,2,6,0,1,19,81
0,3,2,6,0,1,43,81
0,3,2,2,0,1,-10,81
0,3,2,2,0,1,19,81
0,3,2,2,0,1,43,81
0,3,2,3,0,1,-10,81
0,3,2,3,0,1,-7,81
0,3,2,4,0,1,-10,81
0,3,2,4,0,1,19,81
0,3,2,4,0,1,43,81
0,2,2,5,0,1,-10,81
0,3,2,5,0,1,19,81
0,3,2,0,0,1,13,77
0,3,2,0,0,1,26,77
0,3,2,0,0,1,82,77
0,3,2,0,0,1,166,77
0,3,2,1,0,1,13,77
0,3,2,1,0,1,26,77
0,3,2,1,0,1,82,77
0,3,2,1,0,1,166,77
0,3,2,6,0,1,13,77
0,3,2,6,0,1,26,77
0,3,2,6,0,1,82,77
0,3,2,6,0,1,166,77
0,3,2,2,0,1,13,77
0,2,2,2,0,1,26,77
0,3,2,2,0,1,82,77
0,3,2,2,0,1,166,77
0,3,2,3,0,1,-11,77
0,3,2,4,0,1,13,77
0,3,2,4,0,1,26,77
0,3,2,4,0,1,82,77
0,3,2,4,0,1,166,77
0,3,2,5,0,1,-11,77
0,3,1,0,1,1,-16,77
0,3,1,0,1,1,21,77
0,3,1,0,1,1,99,77
0,3,1,1,1,1,-16,77
0,3,1,1,1,1,21,77
0,3,1,1,1,1,99,77
0,3,1,6,1,1,-16,77
0,3,1,6,1,1,21,77
0,3,1,6,1,1,99,77
0,3,1,2,1,1,-16,77
0,3,1,2,1,1,21,77
0,3,1,2,1,1,99,77
0,3,1,3,1,1,-16,77
0,3,1,4,1,1,-16,77
0,3,1,4,1,1,21,77
0,3,1,4,1,1,99,77
0,3,1,5,1,1,-16,77
0,3,2,0,2,1,-8,76
0,3,2,0,2,1,14,76
0,3,2,1,2,1,-8,76
0,3,2,1,2,1,14,76
0,3,2,6,2,1,-8,76
0,3,2,6,2,1,14,76
0,3,2,2,2,1,-8,76
0,3,2,2,2,1,14,76
0,3,2,3,2,1,-8,76
0,3,2,4,2,1,-8,76
0,3,2,4,2,1,14,76
0,3,2,5,2,1,-8,76
1,3,2,0,1,1,-10,78
1,3,2,0,1,1,16,78
1,3,2,0,1,1,44,78
1,3,2,1,1,1,-10,78
1,3,2,1,1,1,16,78
1,0,2,1,1,1,44,78
1,3,2,6,1,1,-10,78
1,3,2,6,1,1,16,78
1,3,2,6,1,1,44,78
1,1,2,2,1,1,-10,78
1,3,2,2,1,1,16,78
1,1,2,2,1,1,44,78
1,3,2,3,1,1,-10,78
1,3,2,4,1,1,-10,78
1,3,2,4,1,1,16,78
1,3,2,4,1,1,44,78
1,2,2,5,1,1,-10,78
0,3,2,0,2,1,-13,86
0,3,2,1,2,1,-13,86
0,3,2,6,2,1,-13,86
0,3,2,2,2,1,-13,86
0,3,2,3,2,1,-13,86
0,3,2,4,2,1,-13,86
0,2,2,5,2,1,-13,86
1,3,2,0,0,1,-11,61
1,3,2,0,0,1,15,61
1,3,2,0,0,1,91,61
1,3,2,0,0,1,174,61
1,3,2,1,0,1,-11,61
1,3,2,1,0,1,15,61
1,3,2,1,0,1,91,61
1,3,2,1,0,1,174,61
1,3,2,6,0,1,-11,61
1,3,2,6,0,1,15,61
1,3,2,6,0,1,91,61
1,3,2,6,0,1,174,61
1,3,2,2,0,1,-11,61
1,3,2,2,0,1,15,61
1,3,2,2,0,1,91,61
1,3,2,2,0,1,174,61
1,3,2,3,0,1,-11,61
1,3,2,4,0,1,-11,61
1,3,2,4,0,1,15,61
1,3,2,4,0,1,91,61
1,3,2,4,0,1,174,61
1,2,2,5,0,1,-11,61
1,3,2,0,2,1,-15,82
1,3,2,0,2,1,15,82
1,3,2,0,2,1,58,82
1,3,2,1,2,1,-15,82
1,3,2,1,2,1,15,82
1,3,2,1,2,1,58,82
1,3,2,6,2,1,-15,82
1,3,2,6,2,1,15,82
1,3,2,6,2,1,58,82
1,3,2,2,2,1,-15,82
1,3,2,2,2,1,15,82
1,3,2,2,2,1,58,82
1,3,2,3,2,1,-15,82
1,3,2,4,2,1,-15,82
1,3,2,4,2,1,15,82
1,3,2,4,2,1,58,82
1,3,2,5,2,1,-15,82
0,3,1,0,0,1,-16,80
0,3,1,0,0,1,14,80
0,3,1,0,0,1,167,80
0,3,1,1,0,1,-16,80
0,3,1,1,0,1,14,80
0,3,1,1,0,1,167,80
0,3,1,6,0,1,-16,80
0,3,1,6,0,1,14,80
0,3,1,6,0,1,167,80
0,3,1,2,0,1,-16,80
0,3,1,2,0,1,14,80
0,3,1,2,0,1,167,80
0,3,1,3,0,1,-16,80
0,3,1,4,0,1,-16,80
0,3,1,4,0,1,14,80
0,3,1,4,0,1,167,80
0,3,1,5,0,1,-16,80
1,3,1,0,0,1,-7,57
1,3,1,0,0,1,14,57
1,3,1,0,0,1,83,57
1,3,1,0,0,1,167,57
1,3,1,1,0,1,-7,57
1,3,1,1,0,1,14,57
1,3,1,1,0,1,83,57
1,3,1,1,0,1,167,57
1,3,1,6,0,1,-7,57
1,3,1,6,0,1,14,57
1,3,1,6,0,1,83,57
1,3,1,6,0,1,167,57
1,3,1,2,0,1,-7,57
1,3,1,2,0,1,14,57
1,3,1,2,0,1,83,57
1,3,1,2,0,1,167,57
1,3,1,3,0,1,-7,57
1,3,1,4,0,1,-7,57
1,3,1,4,0,1,14,57
1,3,1,4,0,1,83,57
1,3,1,4,0,1,167,57
1,1,1,5,0,1,-7,57
1,3,2,0,2,1,-10,61
1,3,2,0,2,1,15,61
1,3,2,0,2,1,82,61
1,3,2,0,2,1,104,61
1,3,2,1,2,1,-10,61
1,3,2,1,2,1,15,61
1,3,2,1,2,1,82,61
1,3,2,1,2,1,104,61
1,3,2,6,2,1,-10,61
1,3,2,6,2,1,15,61
1,3,2,6,2,1,82,61
1,3,2,6,2,1,104,61
1,3,2,2,2,1,-10,61
1,3,2,2,2,1,15,61
1,3,2,2,2,1,82,61
1,3,2,2,2,1,104,61
1,3,2,3,2,1,-10,61
1,3,2,4,2,1,-10,61
1,3,2,4,2,1,15,61
1,3,2,4,2,1,82,61
1,3,2,4,2,1,104,61
1,3,2,5,2,1,-10,61
0,3,2,0,0,1,-8,74
0,3,2,0,0,1,14,74
0,3,2,0,0,1,91,74
0,3,2,0,0,1,177,74
0,3,2,1,0,1,-8,74
0,3,2,1,0,1,14,74
0,3,2,1,0,1,91,74
0,3,2,1,0,1,177,74
0,3,2,6,0,1,-8,74
0,3,2,6,0,1,14,74
0,3,2,6,0,1,91,74
0,3,2,6,0,1,177,74
0,3,2,2,0,1,-8,74
0,3,2,2,0,1,14,74
0,3,2,2,0,1,91,74
0,3,2,2,0,1,177,74
0,3,2,3,0,1,-8,74
0,3,2,4,0,1,-8,74
0,3,2,4,0,1,14,74
0,3,2,4,0,1,91,74
0,3,2,4,0,1,177,74
0,3,2,5,0,1,-8,74
1,3,2,0,1,1,-16,73
1,3,2,0,1,1,15,73
1,3,2,0,1,1,83,73
1,3,2,0,1,1,167,73
1,3,2,1,1,1,-16,73
1,3,2,1,1,1,15,73
1,3,2,1,1,1,83,73
1,3,2,1,1,1,167,73
1,3,2,6,1,1,-16,73
1,3,2,6,1,1,15,73
1,3,2,6,1,1,83,73
1,3,2,6,1,1,167,73
1,3,2,2,1,1,-16,73
1,3,2,2,1,1,15,73
1,3,2,2,1,1,83,73
1,3,2,2,1,1,167,73
1,3,2,3,1,1,-16,73
1,3,2,4,1,1,-16,73
1,3,2,4,1,1,15,73
1,3,2,4,1,1,83,73
1,3,2,4,1,1,167,73
1,3,2,5,1,1,-16,73
0,3,2,0,0,1,-8,59
0,3,2,0,0,1,15,59
0,3,2,0,0,1,83,59
0,3,2,0,0,1,169,59
0,3,2,1,0,1,-8,59
0,3,2,1,0,1,15,59
0,3,2,1,0,1,83,59
0,3,2,1,0,1,169,59
0,3,2,6,0,1,-8,59
0,3,2,6,0,1,15,59
0,3,2,6,0,1,83,59
0,3,2,6,0,1,169,59
0,3,2,2,0,1,-8,59
0,3,2,2,0,1,15,59
0,3,2,2,0,1,83,59
0,3,2,2,0,1,169,59
0,3,2,3,0,1,-8,59
0,3,2,4,0,1,-8,59
0,3,2,4,0,1,15,59
0,3,2,4,0,1,83,59
0,3,2,4,0,1,169,59
0,3,2,5,0,1,-8,59
0,3,2,0,1,1,-9,61
0,3,2,0,1,1,15,61
0,3,2,0,1,1,27,61
0,3,2,0,1,1,60,61
0,3,2,1,1,1,-9,61
0,3,2,1,1,1,15,61
0,3,2,1,1,1,27,61
0,3,2,1,1,1,60,61
0,3,2,6,1,1,-9,61
0,3,2,6,1,1,15,61
0,3,2,6,1,1,27,61
0,3,2,6,1,1,60,61
0,3,2,2,1,1,-9,61
0,3,2,2,1,1,15,61
0,3,2,2,1,1,27,61
0,3,2,2,1,1,60,61
0,3,2,3,1,1,-9,61
0,3,2,4,1,1,-9,61
0,3,2,4,1,1,15,61
0,3,2,4,1,1,27,61
0,3,2,4,1,1,60,61
0,3,2,5,1,1,-9,61
0,3,2,0,2,1,-8,79
0,3,2,0,2,1,15,79
0,3,2,0,2,1,92,79
0,3,2,0,2,1,183,79
0,3,2,1,2,1,-8,79
0,3,2,1,2,1,15,79
0,3,2,1,2,1,92,79
0,3,2,1,2,1,183,79
0,3,2,6,2,1,-8,79
0,3,2,6,2,1,15,79
0,3,2,6,2,1,92,79
0,3,2,6,2,1,183,79
0,3,2,2,2,1,-8,79
0,3,2,2,2,1,15,79
0,3,2,2,2,1,92,79
0,3,2,2,2,1,183,79
0,3,2,3,2,1,-9,79
0,3,2,4,2,1,-8,79
0,3,2,4,2,1,15,79
0,3,2,4,2,1,92,79
0,3,2,4,2,1,183,79
0,3,2,5,2,1,-2,79
0,3,1,0,2,1,-17,87
0,3,1,0,2,1,15,87
0,3,1,0,2,1,69,87
0,3,1,1,2,1,-17,87
0,3,1,1,2,1,15,87
0,3,1,1,2,1,69,87
0,3,1,6,2,1,-17,87
0,3,1,6,2,1,15,87
0,3,1,6,2,1,69,87
0,3,1,2,2,1,-17,87
0,3,1,2,2,1,15,87
0,3,1,2,2,1,69,87
0,3,1,3,2,1,-17,87
0,3,1,4,2,1,-17,87
0,3,1,4,2,1,15,87
0,3,1,4,2,1,69,87
0,3,1,5,2,1,-17,87
1,3,2,0,2,1,-9,84
1,3,2,1,2,1,-9,84
1,3,2,6,2,1,-9,84
1,3,2,2,2,1,-9,84
1,3,2,3,2,1,-9,84
1,3,2,4,2,1,-9,84
1,3,2,5,2,1,-9,84
1,3,1,0,0,1,-10,67
1,3,1,0,0,1,19,67
1,3,1,0,0,1,91,67
1,3,1,0,0,1,148,67
1,3,1,1,0,1,-10,67
1,3,1,1,0,1,19,67
1,3,1,1,0,1,91,67
1,3,1,1,0,1,148,67
1,3,1,6,0,1,-10,67
1,3,1,6,0,1,19,67
1,3,1,6,0,1,91,67
1,3,1,6,0,1,148,67
1,3,1,2,0,1,-10,67
1,3,1,2,0,1,19,67
1,3,1,2,0,1,91,67
1,3,1,2,0,1,148,67
1,3,1,3,0,1,-10,67
1,3,1,4,0,1,-10,67
1,3,1,4,0,1,19,67
1,3,1,4,0,1,91,67
1,3,1,4,0,1,148,67
1,3,1,5,0,1,-10,67
0,3,2,0,1,1,-20,71
0,3,2,0,1,1,15,71
0,3,2,0,1,1,84,71
0,3,2,0,1,1,173,71
0,3,2,1,1,1,-20,71
0,3,2,1,1,1,15,71
0,3,2,1,1,1,84,71
0,3,2,1,1,1,173,71
0,3,2,6,1,1,-20,71
0,3,2,6,1,1,15,71
0,3,2,6,1,1,84,71
0,3,2,6,1,1,173,71
0,3,2,2,1,1,-20,71
0,3,2,2,1,1,15,71
0,3,2,2,1,1,84,71
0,3,2,2,1,1,173,71
0,3,2,3,1,1,-20,71
0,3,2,4,1,1,-20,71
0,3,2,4,1,1,15,71
0,3,2,4,1,1,84,71
0,3,2,4,1,1,173,71
0,3,2,5,1,1,-20,71
0,3,2,0,2,1,-7,84
0,3,2,0,2,1,15,84
0,3,2,0,2,1,84,84
0,3,2,1,2,1,-7,84
0,3,2,1,2,1,15,84
0,3,2,1,2,1,84,84
0,3,2,6,2,1,-7,84
0,3,2,6,2,1,15,84
0,3,2,6,2,1,84,84
0,3,2,2,2,1,-7,84
0,3,2,2,2,1,15,84
0,3,2,2,2,1,84,84
0,3,2,3,2,1,-7,84
0,3,2,4,2,1,-7,84
0,3,2,4,2,1,15,84
0,3,2,4,2,1,84,84
0,3,2,5,2,1,-7,84
0,3,2,0,0,1,-18,76
0,3,2,0,0,1,15,76
0,3,2,0,0,1,85,76
0,3,2,1,0,1,-18,76
0,3,2,1,0,1,15,76
0,3,2,1,0,1,85,76
0,3,2,6,0,1,-18,76
0,3,2,6,0,1,15,76
0,3,2,6,0,1,85,76
0,3,2,2,0,1,-18,76
0,3,2,2,0,1,15,76
0,2,2,2,0,1,85,76
0,3,2,3,0,1,-18,76
0,3,2,4,0,1,-18,76
0,3,2,4,0,1,15,76
0,3,2,4,0,1,85,76
0,3,2,5,0,1,-18,76
0,3,2,0,2,1,-10,54
0,3,2,0,2,1,33,54
0,3,2,1,2,1,-10,54
0,3,2,1,2,1,33,54
0,3,2,6,2,1,-10,54
0,3,2,6,2,1,33,54
0,3,2,2,2,1,-10,54
0,3,2,2,2,1,33,54
0,3,2,3,2,1,-14,54
0,3,2,4,2,1,-10,54
0,3,2,4,2,1,33,54
0,3,2,5,2,1,-14,54
0,3,2,0,2,1,-9,72
0,3,2,0,2,1,15,72
0,3,2,0,2,1,85,72
0,3,2,0,2,1,169,72
0,3,2,1,2,1,-9,72
0,3,2,1,2,1,15,72
0,3,2,1,2,1,85,72
0,3,2,1,2,1,169,72
0,3,2,6,2,1,-9,72
0,3,2,6,2,1,15,72
0,3,2,6,2,1,85,72
0,3,2,6,2,1,169,72
0,3,2,2,2,1,-9,72
0,3,2,2,2,1,15,72
0,1,2,2,2,1,85,72
0,3,2,2,2,1,169,72
0,3,2,3,2,1,-9,72
0,3,2,4,2,1,-9,72
0,3,2,4,2,1,15,72
0,3,2,4,2,1,85,72
0,3,2,4,2,1,169,72
0,3,2,5,2,1,-9,72
1,3,2,0,1,1,-15,82
1,3,2,0,1,1,16,82
1,3,2,0,1,1,86,82
1,3,2,0,1,1,170,82
1,3,2,1,1,1,-15,82
1,3,2,1,1,1,16,82
1,3,2,1,1,1,86,82
1,3,2,1,1,1,170,82
1,3,2,6,1,1,-15,82
1,3,2,6,1,1,16,82
1,3,2,6,1,1,86,82
1,3,2,6,1,1,170,82
1,3,2,2,1,1,-15,82
1,3,2,2,1,1,16,82
1,3,2,2,1,1,86,82
1,3,2,2,1,1,170,82
1,3,2,3,1,1,-15,82
1,3,2,4,1,1,-15,82
1,3,2,4,1,1,16,82
1,3,2,4,1,1,86,82
1,3,2,4,1,1,170,82
1,3,2,5,1,1,-15,82
0,3,2,0,2,1,-13,86
0,3,2,0,2,1,113,86
0,3,2,1,2,1,-13,86
0,3,2,1,2,1,113,86
0,3,2,6,2,1,-13,86
0,3,2,6,2,1,113,86
0,3,2,2,2,1,-13,86
0,3,2,2,2,1,113,86
0,3,2,3,2,1,-13,86
0,3,2,4,2,1,-13,86
0,3,2,4,2,1,113,86
0,2,2,5,2,1,-13,86
1,3,2,0,0,1,-13,69
1,3,2,0,0,1,15,69
1,3,2,0,0,1,79,69
1,3,2,0,0,1,169,69
1,3,2,1,0,1,-13,69
1,3,2,1,0,1,15,69
1,3,2,1,0,1,79,69
1,3,2,1,0,1,169,69
1,3,2,6,0,1,-13,69
1,3,2,6,0,1,15,69
1,3,2,6,0,1,79,69
1,3,2,6,0,1,169,69
1,3,2,2,0,1,-13,69
1,3,2,2,0,1,15,69
1,3,2,2,0,1,79,69
1,3,2,2,0,1,169,69
1,3,2,3,0,1,-13,69
1,3,2,4,0,1,-13,69
1,3,2,4,0,1,15,69
1,3,2,4,0,1,79,69
1,3,2,4,0,1,169,69
1,3,2,5,0,1,-13,69
0,3,2,0,1,1,-11,79
0,3,2,0,1,1,19,79
0,3,2,0,1,1,88,79
0,3,2,0,1,1,169,79
0,3,2,1,1,1,-11,79
0,3,2,1,1,1,19,79
0,3,2,1,1,1,88,79
0,3,2,1,1,1,169,79
0,3,2,6,1,1,-11,79
0,3,2,6,1,1,19,79
0,3,2,6,1,1,88,79
0,3,2,6,1,1,169,79
0,3,2,2,1,1,-11,79
0,3,2,2,1,1,19,79
0,3,2,2,1,1,88,79
0,3,2,2,1,1,169,79
0,3,2,3,1,1,-11,79
0,3,2,4,1,1,-11,79
0,3,2,4,1,1,19,79
0,3,2,4,1,1,88,79
0,3,2,4,1,1,169,79
0,3,2,5,1,1,-11,79
0,3,2,0,2,1,-2,71
0,3,2,1,2,1,-2,71
0,3,2,6,2,1,-2,71
0,3,2,2,2,1,-2,71
0,3,2,3,2,1,-8,71
0,3,2,4,2,1,-2,71
0,3,2,5,2,1,-8,71
0,3,2,0,1,1,-8,72
0,3,2,0,1,1,16,72
0,3,2,0,1,1,57,72
0,3,2,1,1,1,-8,72
0,3,2,1,1,1,16,72
0,3,2,1,1,1,57,72
0,3,2,6,1,1,-8,72
0,3,2,6,1,1,16,72
0,3,2,6,1,1,57,72
0,3,2,2,1,1,-8,72
0,3,2,2,1,1,16,72
0,3,2,2,1,1,57,72
0,3,2,3,1,1,-8,72
0,3,2,4,1,1,-8,72
0,3,2,4,1,1,16,72
0,3,2,4,1,1,57,72
0,3,2,5,1,1,-8,72
1,3,2,0,2,1,-16,77
1,3,2,0,2,1,16,77
1,3,2,0,2,1,83,77
1,3,2,0,2,1,114,77
1,3,2,1,2,1,-16,77
1,3,2,1,2,1,16,77
1,3,2,1,2,1,83,77
1,3,2,1,2,1,114,77
1,3,2,6,2,1,-16,77
1,3,2,6,2,1,16,77
1,3,2,6,2,1,83,77
1,3,2,6,2,1,114,77
1,3,2,2,2,1,-16,77
1,3,2,2,2,1,16,77
1,3,2,2,2,1,83,77
1,3,2,2,2,1,114,77
1,3,2,3,2,1,-16,77
1,3,2,4,2,1,-16,77
1,3,2,4,2,1,16,77
1,3,2,4,2,1,83,77
1,3,2,4,2,1,114,77
1,3,2,5,2,1,-16,77
1,3,2,0,1,1,-13,69
1,3,2,0,1,1,15,69
1,3,2,0,1,1,85,69
1,3,2,1,1,1,-13,69
1,3,2,1,1,1,15,69
1,3,2,1,1,1,85,69
1,3,2,6,1,1,-13,69
1,3,2,6,1,1,15,69
1,3,2,6,1,1,85,69
1,3,2,2,1,1,-13,69
1,3,2,2,1,1,15,69
1,3,2,2,1,1,85,69
1,3,2,3,1,1,-13,69
1,3,2,4,1,1,-13,69
1,3,2,4,1,1,15,69
1,3,2,4,1,1,85,69
1,3,2,5,1,1,-13,69
1,3,2,0,0,1,-14,82
1,3,2,0,0,1,16,82
1,3,2,0,0,1,85,82
1,3,2,0,0,1,139,82
1,3,2,1,0,1,-14,82
1,3,2,1,0,1,16,82
1,3,2,1,0,1,85,82
1,3,2,1,0,1,139,82
1,3,2,6,0,1,-14,82
1,3,2,6,0,1,16,82
1,3,2,6,0,1,85,82
1,3,2,6,0,1,139,82
1,3,2,2,0,1,-14,82
1,3,2,2,0,1,16,82
1,3,2,2,0,1,85,82
1,3,2,2,0,1,139,82
1,3,2,3,0,1,-14,82
1,3,2,4,0,1,-14,82
1,3,2,4,0,1,16,82
1,3,2,4,0,1,85,82
1,3,2,4,0,1,139,82
1,3,2,5,0,1,-14,82
1,3,2,0,2,1,-16,87
1,3,2,0,2,1,16,87
1,3,2,0,2,1,69,87
1,3,2,1,2,1,-16,87
1,3,2,1,2,1,16,87
1,3,2,1,2,1,69,87
1,3,2,6,2,1,-16,87
1,3,2,6,2,1,16,87
1,3,2,6,2,1,69,87
1,3,2,2,2,1,-16,87
1,3,2,2,2,1,16,87
1,3,2,2,2,1,69,87
1,3,2,3,2,1,-16,87
1,3,2,4,2,1,-16,87
1,3,2,4,2,1,16,87
1,3,2,4,2,1,69,87
1,3,2,5,2,1,-16,87
0,3,2,0,0,1,-12,62
0,3,2,0,0,1,15,62
0,3,2,0,0,1,87,62
0,3,2,0,0,1,170,62
0,3,2,1,0,1,-12,62
0,3,2,1,0,1,15,62
0,3,2,1,0,1,87,62
0,3,2,1,0,1,170,62
0,3,2,6,0,1,-12,62
0,3,2,6,0,1,15,62
0,3,2,6,0,1,87,62
0,3,2,6,0,1,170,62
0,1,2,2,0,1,-12,62
0,1,2,2,0,1,15,62
0,3,2,2,0,1,87,62
0,3,2,2,0,1,170,62
0,3,2,3,0,1,-12,62
0,3,2,4,0,1,-12,62
0,3,2,4,0,1,15,62
0,3,2,4,0,1,87,62
0,3,2,4,0,1,170,62
0,3,2,5,0,1,-12,62
0,3,2,0,0,1,-15,60
0,3,2,0,0,1,17,60
0,3,2,0,0,1,87,60
0,3,2,1,0,1,-15,60
0,3,2,1,0,1,17,60
0,3,2,1,0,1,87,60
0,3,2,6,0,1,-15,60
0,3,2,6,0,1,17,60
0,3,2,6,0,1,87,60
0,3,2,2,0,1,-15,60
0,3,2,2,0,1,17,60
0,3,2,2,0,1,87,60
0,3,2,3,0,1,-15,60
0,3,2,4,0,1,-15,60
0,3,2,4,0,1,17,60
0,3,2,4,0,1,87,60
0,1,2,5,0,1,-15,60
1,3,2,0,1,1,-10,65
1,3,2,0,1,1,13,65
1,3,2,0,1,1,85,65
1,3,2,0,1,1,184,65
1,3,2,1,1,1,-10,65
1,3,2,1,1,1,13,65
1,3,2,1,1,1,85,65
1,3,2,1,1,1,184,65
1,3,2,6,1,1,-10,65
1,3,2,6,1,1,13,65
1,3,2,6,1,1,85,65
1,3,2,6,1,1,184,65
1,3,2,2,1,1,-10,65
1,3,2,2,1,1,13,65
1,3,2,2,1,1,85,65
1,3,2,2,1,1,184,65
1,3,2,3,1,1,-10,65
1,3,2,4,1,1,-10,65
1,3,2,4,1,1,13,65
1,3,2,4,1,1,85,65
1,3,2,4,1,1,184,65
1,3,2,5,1,1,-10,65
0,3,2,0,0,1,-10,68
0,3,2,0,0,1,85,68
0,3,2,0,0,1,183,68
0,3,2,1,0,1,-10,68
0,3,2,1,0,1,85,68
0,3,2,1,0,1,183,68
0,3,2,6,0,1,-10,68
0,3,2,6,0,1,85,68
0,3,2,6,0,1,183,68
0,3,2,2,0,1,-10,68
0,3,2,2,0,1,85,68
0,3,2,2,0,1,183,68
0,3,2,3,0,1,-10,68
0,3,2,4,0,1,-10,68
0,3,2,4,0,1,85,68
0,3,2,4,0,1,183,68
0,3,2,5,0,1,-10,68
0,3,2,0,2,1,-15,75
0,3,2,0,2,1,14,75
0,3,2,0,2,1,83,75
0,3,2,0,2,1,169,75
0,3,2,1,2,1,-15,75
0,3,2,1,2,1,14,75
0,3,2,1,2,1,83,75
0,3,2,1,2,1,169,75
0,3,2,6,2,1,-15,75
0,3,2,6,2,1,14,75
0,3,2,6,2,1,83,75
0,3,2,6,2,1,169,75
0,3,2,2,2,1,-15,75
0,3,2,2,2,1,14,75
0,1,2,2,2,1,83,75
0,3,2,2,2,1,169,75
0,3,2,3,2,1,-15,75
0,3,2,4,2,1,-15,75
0,3,2,4,2,1,14,75
0,3,2,4,2,1,83,75
0,3,2,4,2,1,169,75
0,3,2,5,2,1,-15,75
1,3,2,0,2,1,-14,70
1,3,2,0,2,1,15,70
1,3,2,1,2,1,-14,70
1,3,2,1,2,1,15,70
1,3,2,6,2,1,-14,70
1,3,2,6,2,1,15,70
1,3,2,2,2,1,-14,70
1,3,2,2,2,1,15,70
1,3,2,3,2,1,-14,70
1,3,2,4,2,1,-14,70
1,3,2,4,2,1,15,70
1,3,2,5,2,1,-14,70
1,3,2,5,2,1,-2,70
1,3,2,0,0,1,-8,81
1,3,2,0,0,1,14,81
1,3,2,0,0,1,85,81
1,3,2,0,0,1,168,81
1,3,2,1,0,1,-8,81
1,3,2,1,0,1,14,81
1,3,2,1,0,1,85,81
1,3,2,1,0,1,168,81
1,3,2,6,0,1,-8,81
1,3,2,6,0,1,14,81
1,3,2,6,0,1,85,81
1,3,2,6,0,1,168,81
1,3,2,2,0,1,-8,81
1,3,2,2,0,1,14,81
1,3,2,2,0,1,85,81
1,3,2,2,0,1,168,81
1,3,2,3,0,1,-8,81
1,3,2,4,0,1,-8,81
1,3,2,4,0,1,14,81
1,3,2,4,0,1,85,81
1,3,2,4,0,1,168,81
1,3,2,5,0,1,-8,81
1,3,2,0,2,1,-16,77
1,3,2,0,2,1,15,77
1,3,2,1,2,1,-16,77
1,3,2,1,2,1,15,77
1,3,2,6,2,1,-16,77
1,3,2,6,2,1,15,77
1,3,2,2,2,1,-16,77
1,3,2,2,2,1,15,77
1,3,2,3,2,1,-16,77
1,3,2,4,2,1,-16,77
1,3,2,4,2,1,15,77
1,3,2,5,2,1,-16,77
1,3,2,0,2,1,-14,88
1,3,2,0,2,1,5,88
1,3,2,1,2,1,-14,88
1,3,2,1,2,1,5,88
1,3,2,6,2,1,-14,88
1,3,2,6,2,1,5,88
1,3,2,2,2,1,-14,88
1,3,2,2,2,1,5,88
1,3,2,3,2,1,-15,88
1,3,2,4,2,1,-14,88
1,3,2,4,2,1,5,88
1,3,2,5,2,1,-15,88
1,3,2,0,1,1,-14,77
1,3,2,0,1,1,13,77
1,3,2,0,1,1,85,77
1,3,2,0,1,1,168,77
1,3,2,1,1,1,-14,77
1,3,2,1,1,1,13,77
1,3,2,1,1,1,85,77
1,3,2,1,1,1,168,77
1,3,2,6,1,1,-14,77
1,3,2,6,1,1,13,77
1,3,2,6,1,1,85,77
1,3,2,6,1,1,168,77
1,3,2,2,1,1,-14,77
1,3,2,2,1,1,13,77
1,3,2,2,1,1,85,77
1,3,2,2,1,1,168,77
1,3,2,3,1,1,-14,77
1,3,2,4,1,1,-14,77
1,3,2,4,1,1,13,77
1,3,2,4,1,1,85,77
1,3,2,4,1,1,168,77
1,3,2,5,1,1,-14,77
1,3,1,0,1,1,-8,79
1,3,1,0,1,1,15,79
1,3,1,0,1,1,47,79
1,3,1,1,1,1,-8,79
1,3,1,1,1,1,15,79
1,0,1,1,1,1,47,79
1,3,1,6,1,1,-8,79
1,3,1,6,1,1,15,79
1,3,1,6,1,1,47,79
1,3,1,2,1,1,-8,79
1,3,1,2,1,1,15,79
1,3,1,2,1,1,47,79
1,3,1,3,1,1,-8,79
1,3,1,4,1,1,-8,79
1,3,1,4,1,1,15,79
1,3,1,4,1,1,47,79
1,3,1,5,1,1,-8,79
1,3,2,0,0,1,-25,83
1,3,2,0,0,1,15,83
1,3,2,0,0,1,85,83
1,3,2,0,0,1,173,83
1,3,2,1,0,1,-25,83
1,3,2,1,0,1,15,83
1,3,2,1,0,1,85,83
1,3,2,1,0,1,173,83
1,3,2,6,0,1,-25,83
1,3,2,6,0,1,15,83
1,3,2,6,0,1,85,83
1,3,2,6,0,1,173,83
1,3,2,2,0,1,-25,83
1,3,2,2,0,1,15,83
1,3,2,2,0,1,85,83
1,3,2,2,0,1,173,83
1,3,2,3,0,1,-25,83
1,3,2,4,0,1,-25,83
1,3,2,4,0,1,15,83
1,3,2,4,0,1,85,83
1,3,2,4,0,1,173,83
1,3,2,5,0,1,-25,83
0,3,2,0,2,1,-14,83
0,3,2,0,2,1,15,83
0,3,2,0,2,1,76,83
0,3,2,1,2,1,-14,83
0,3,2,1,2,1,15,83
0,3,2,1,2,1,76,83
0,3,2,6,2,1,-14,83
0,3,2,6,2,1,15,83
0,3,2,6,2,1,76,83
0,3,2,2,2,1,-14,83
0,1,2,2,2,1,15,83
0,1,2,2,2,1,76,83
0,3,2,3,2,1,-14,83
0,3,2,4,2,1,-14,83
0,3,2,4,2,1,15,83
0,3,2,4,2,1,76,83
0,3,2,5,2,1,-14,83
0,3,2,0,2,1,-11,84
0,3,2,0,2,1,15,84
0,3,2,0,2,1,52,84
0,3,2,1,2,1,-11,84
0,3,2,1,2,1,15,84
0,3,2,1,2,1,52,84
0,3,2,6,2,1,-11,84
0,3,2,6,2,1,15,84
0,3,2,6,2,1,52,84
0,3,2,2,2,1,-11,84
0,3,2,2,2,1,15,84
0,3,2,2,2,1,52,84
0,3,2,3,2,1,-11,84
0,3,2,4,2,1,-11,84
0,3,2,4,2,1,15,84
0,3,2,4,2,1,52,84
0,3,2,5,2,1,-11,84
1,3,2,0,0,1,-8,82
1,3,2,0,0,1,15,82
1,3,2,0,0,1,85,82
1,3,2,0,0,1,172,82
1,3,2,0,0,1,186,82
1,0,2,1,0,1,-8,82
1,3,2,1,0,1,15,82
1,3,2,1,0,1,85,82
1,3,2,1,0,1,172,82
1,3,2,1,0,1,186,82
1,3,2,6,0,1,-8,82
1,3,2,6,0,1,15,82
1,3,2,6,0,1,85,82
1,3,2,6,0,1,172,82
1,3,2,6,0,1,186,82
1,3,2,2,0,1,-8,82
1,3,2,2,0,1,15,82
1,3,2,2,0,1,85,82
1,3,2,2,0,1,172,82
1,3,2,2,0,1,186,82
1,3,2,3,0,1,-8,82
1,3,2,4,0,1,-8,82
1,3,2,4,0,1,15,82
1,3,2,4,0,1,85,82
1,3,2,4,0,1,172,82
1,3,2,4,0,1,186,82
1,3,2,5,0,1,-8,82
0,3,2,0,1,1,-11,85
0,3,2,0,1,1,15,85
0,3,2,0,1,1,85,85
0,3,2,1,1,1,-11,85
0,3,2,1,1,1,15,85
0,3,2,1,1,1,85,85
0,3,2,6,1,1,-11,85
0,3,2,6,1,1,15,85
0,3,2,6,1,1,85,85
0,3,2,2,1,1,-11,85
0,3,2,2,1,1,15,85
0,3,2,2,1,1,85,85
0,3,2,3,1,1,-11,85
0,3,2,4,1,1,-11,85
0,3,2,4,1,1,15,85
0,3,2,4,1,1,85,85
0,3,2,5,1,1,-11,85
0,3,2,0,0,1,-14,76
0,3,2,0,0,1,15,76
0,3,2,0,0,1,85,76
0,3,2,0,0,1,168,76
0,3,2,0,0,1,183,76
0,3,2,1,0,1,-14,76
0,3,2,1,0,1,15,76
0,3,2,1,0,1,85,76
0,3,2,1,0,1,168,76
0,3,2,1,0,1,183,76
0,3,2,6,0,1,-14,76
0,3,2,6,0,1,15,76
0,3,2,6,0,1,85,76
0,3,2,6,0,1,168,76
0,3,2,6,0,1,183,76
0,3,2,2,0,1,-14,76
0,3,2,2,0,1,15,76
0,3,2,2,0,1,85,76
0,3,2,2,0,1,168,76
0,3,2,2,0,1,183,76
0,2,2,3,0,1,-14,76
0,3,2,4,0,1,-14,76
0,3,2,4,0,1,15,76
0,3,2,4,0,1,85,76
0,3,2,4,0,1,168,76
0,3,2,4,0,1,183,76
0,3,2,5,0,1,-14,76
0,3,2,0,0,1,-11,81
0,3,2,0,0,1,20,81
0,3,2,0,0,1,96,81
0,3,2,0,0,1,173,81
0,3,2,1,0,1,-11,81
0,3,2,1,0,1,20,81
0,3,2,1,0,1,96,81
0,3,2,1,0,1,173,81
0,3,2,6,0,1,-11,81
0,3,2,6,0,1,20,81
0,3,2,6,0,1,96,81
0,3,2,6,0,1,173,81
0,3,2,2,0,1,-11,81
0,3,2,2,0,1,20,81
0,3,2,2,0,1,96,81
0,3,2,2,0,1,173,81
0,3,2,3,0,1,-11,81
0,3,2,4,0,1,-11,81
0,3,2,4,0,1,20,81
0,3,2,4,0,1,96,81
0,3,2,4,0,1,173,81
0,3,2,5,0,1,-11,81
0,3,2,0,0,1,-13,89
0,3,2,1,0,1,-13,89
0,3,2,6,0,1,-13,89
0,3,2,2,0,1,-13,89
0,3,2,3,0,1,-13,89
0,3,2,4,0,1,-13,89
0,3,2,5,0,1,-13,89
0,3,1,0,1,1,-8,79
0,3,1,0,1,1,34,79
0,3,1,1,1,1,-8,79
0,3,1,1,1,1,34,79
0,3,1,6,1,1,-8,79
0,3,1,6,1,1,34,79
0,3,1,2,1,1,-8,79
0,3,1,2,1,1,34,79
0,3,1,3,1,1,-8,79
0,3,1,4,1,1,-8,79
0,3,1,4,1,1,34,79
0,3,1,5,1,1,-8,79
0,3,2,0,1,1,-20,76
0,3,2,0,1,1,15,76
0,3,2,0,1,1,22,76
0,3,2,1,1,1,-20,76
0,3,2,1,1,1,15,76
0,3,2,1,1,1,22,76
0,3,2,6,1,1,-20,76
0,3,2,6,1,1,15,76
0,3,2,6,1,1,22,76
0,3,2,2,1,1,-20,76
0,3,2,2,1,1,15,76
0,3,2,2,1,1,22,76
0,1,2,3,1,1,-20,76
0,3,2,4,1,1,-20,76
0,3,2,4,1,1,15,76
0,3,2,4,1,1,22,76
0,3,2,5,1,1,-20,76
1,3,2,0,2,0,-21,84
1,3,2,0,2,0,15,84
1,3,2,0,2,0,42,84
1,3,2,1,2,0,-21,84
1,3,2,1,2,0,15,84
1,0,2,1,2,0,42,84
1,3,2,6,2,0,-21,84
1,3,2,6,2,0,15,84
1,3,2,6,2,0,42,84
1,3,2,2,2,0,-21,84
1,3,2,2,2,0,15,84
1,3,2,2,2,0,42,84
1,3,2,3,2,0,-21,84
1,3,2,4,2,0,-21,84
1,3,2,4,2,0,15,84
1,3,2,4,2,0,42,84
1,3,2,5,2,0,-21,84
0,3,2,0,2,1,-20,81
0,3,2,0,2,1,15,81
0,3,2,0,2,1,85,81
0,3,2,0,2,1,121,81
0,3,2,1,2,1,-20,81
0,3,2,1,2,1,15,81
0,3,2,1,2,1,85,81
0,3,2,1,2,1,121,81
0,3,2,6,2,1,-20,81
0,3,2,6,2,1,15,81
0,3,2,6,2,1,85,81
0,3,2,6,2,1,121,81
0,3,2,2,2,1,-20,81
0,3,2,2,2,1,15,81
0,3,2,2,2,1,85,81
0,3,2,2,2,1,121,81
0,3,2,3,2,1,-20,81
0,3,2,4,2,1,-20,81
0,3,2,4,2,1,15,81
0,3,2,4,2,1,85,81
0,3,2,4,2,1,121,81
0,3,2,5,2,1,-20,81
0,3,2,0,0,1,-23,80
0,3,2,0,0,1,-15,80
0,3,2,0,0,1,15,80
0,3,2,0,0,1,85,80
0,3,2,0,0,1,169,80
0,3,2,1,0,1,-23,80
0,3,2,1,0,1,-15,80
0,3,2,1,0,1,15,80
0,3,2,1,0,1,85,80
0,3,2,1,0,1,169,80
0,3,2,6,0,1,-23,80
0,3,2,6,0,1,-15,80
0,3,2,6,0,1,15,80
0,3,2,6,0,1,85,80
0,3,2,6,0,1,169,80
0,3,2,2,0,1,-23,80
0,3,2,2,0,1,-15,80
0,3,2,2,0,1,15,80
0,3,2,2,0,1,85,80
0,3,2,2,0,1,169,80
0,3,2,3,0,1,-23,80
0,3,2,4,0,1,-23,80
0,3,2,4,0,1,-15,80
0,3,2,4,0,1,15,80
0,3,2,4,0,1,85,80
0,3,2,4,0,1,169,80
0,3,2,5,0,1,-23,80
0,3,2,0,1,1,-15,78
0,3,2,0,1,1,16,78
0,3,2,0,1,1,86,78
0,3,2,0,1,1,170,78
0,3,2,1,1,1,-15,78
0,3,2,1,1,1,16,78
0,3,2,1,1,1,86,78
0,3,2,1,1,1,170,78
0,3,2,6,1,1,-15,78
0,3,2,6,1,1,16,78
0,3,2,6,1,1,86,78
0,3,2,6,1,1,170,78
0,3,2,2,1,1,-15,78
0,3,2,2,1,1,16,78
0,3,2,2,1,1,86,78
0,3,2,2,1,1,170,78
0,3,2,3,1,1,-15,78
0,3,2,4,1,1,-15,78
0,3,2,4,1,1,16,78
0,3,2,4,1,1,86,78
0,3,2,4,1,1,170,78
0,3,2,5,1,1,-15,78
0,3,2,0,2,0,-13,56
0,3,2,0,2,0,15,56
0,3,2,0,2,0,85,56
0,3,2,0,2,0,169,56
0,3,2,0,2,0,183,56
0,3,2,1,2,0,-13,56
0,3,2,1,2,0,15,56
0,3,2,1,2,0,85,56
0,3,2,1,2,0,169,56
0,3,2,1,2,0,183,56
0,3,2,6,2,0,-13,56
0,3,2,6,2,0,15,56
0,3,2,6,2,0,85,56
0,3,2,6,2,0,169,56
0,3,2,6,2,0,183,56
0,3,2,2,2,0,-13,56
0,3,2,2,2,0,15,56
0,3,2,2,2,0,85,56
0,3,2,2,2,0,169,56
0,3,2,2,2,0,183,56
0,3,2,3,2,0,-13,56
0,3,2,4,2,0,-13,56
0,3,2,4,2,0,15,56
0,3,2,4,2,0,85,56
0,3,2,4,2,0,169,56
0,3,2,4,2,0,183,56
0,3,2,5,2,0,-13,56
1,3,2,0,1,1,-9,79
1,3,2,0,1,1,15,79
1,3,2,0,1,1,85,79
1,3,2,0,1,1,169,79
1,3,2,1,1,1,-9,79
1,3,2,1,1,1,15,79
1,3,2,1,1,1,85,79
1,3,2,1,1,1,169,79
1,3,2,6,1,1,-9,79
1,3,2,6,1,1,15,79
1,3,2,6,1,1,85,79
1,3,2,6,1,1,169,79
1,3,2,2,1,1,-9,79
1,3,2,2,1,1,15,79
1,3,2,2,1,1,85,79
1,3,2,2,1,1,169,79
1,2,2,3,1,1,-9,79
1,3,2,4,1,1,-9,79
1,3,2,4,1,1,15,79
1,3,2,4,1,1,85,79
1,3,2,4,1,1,169,79
1,3,2,5,1,1,-9,79
1,3,2,0,0,1,-11,78
1,3,2,0,0,1,15,78
1,3,2,0,0,1,83,78
1,3,2,0,0,1,122,78
1,3,2,1,0,1,-11,78
1,3,2,1,0,1,15,78
1,3,2,1,0,1,83,78
1,3,2,1,0,1,122,78
1,3,2,6,0,1,-11,78
1,3,2,6,0,1,15,78
1,3,2,6,0,1,83,78
1,3,2,6,0,1,122,78
1,3,2,2,0,1,-11,78
1,3,2,2,0,1,15,78
1,3,2,2,0,1,83,78
1,3,2,2,0,1,122,78
1,3,2,3,0,1,-11,78
1,3,2,4,0,1,-11,78
1,3,2,4,0,1,15,78
1,3,2,4,0,1,83,78
1,3,2,4,0,1,122,78
1,3,2,5,0,1,-11,78
0,3,2,0,2,1,-11,83
0,3,2,0,2,1,18,83
0,3,2,1,2,1,-11,83
0,3,2,1,2,1,18,83
0,3,2,6,2,1,-11,83
0,3,2,6,2,1,18,83
0,3,2,2,2,1,-11,83
0,3,2,2,2,1,18,83
0,3,2,3,2,1,-11,83
0,3,2,4,2,1,-11,83
0,3,2,4,2,1,18,83
0,3,2,5,2,1,-11,83
0,3,2,0,0,1,-23,86
0,3,2,0,0,1,16,86
0,3,2,0,0,1,30,86
0,3,2,1,0,1,-23,86
0,3,2,1,0,1,16,86
0,3,2,1,0,1,30,86
0,3,2,6,0,1,-23,86
0,3,2,6,0,1,16,86
0,3,2,6,0,1,30,86
0,3,2,2,0,1,-23,86
0,3,2,2,0,1,16,86
0,3,2,2,0,1,30,86
0,3,2,3,0,1,-23,86
0,3,2,4,0,1,-23,86
0,3,2,4,0,1,16,86
0,3,2,4,0,1,30,86
0,3,2,5,0,1,-23,86
1,3,2,0,1,1,-11,81
1,3,2,0,1,1,15,81
1,3,2,0,1,1,32,81
1,3,2,0,1,1,46,81
1,3,2,0,1,1,60,81
1,3,2,0,1,1,74,81
1,3,2,1,1,1,-11,81
1,3,2,1,1,1,15,81
1,3,2,1,1,1,32,81
1,3,2,1,1,1,46,81
1,3,2,1,1,1,60,81
1,3,2,1,1,1,74,81
1,3,2,6,1,1,-11,81
1,3,2,6,1,1,15,81
1,3,2,6,1,1,32,81
1,3,2,6,1,1,46,81
1,3,2,6,1,1,60,81
1,3,2,6,1,1,74,81
1,3,2,2,1,1,-11,81
1,3,2,2,1,1,15,81
1,3,2,2,1,1,32,81
1,3,2,2,1,1,46,81
1,3,2,2,1,1,60,81
1,3,2,2,1,1,74,81
1,3,2,3,1,1,-11,81
1,3,2,4,1,1,-11,81
1,3,2,4,1,1,15,81
1,3,2,4,1,1,32,81
1,3,2,4,1,1,46,81
1,3,2,4,1,1,60,81
1,3,2,4,1,1,74,81
1,3,2,5,1,1,-11,81
0,3,2,0,2,1,-11,78
0,3,2,0,2,1,16,78
0,3,2,0,2,1,30,78
0,3,2,0,2,1,67,78
0,3,2,1,2,1,-11,78
0,3,2,1,2,1,16,78
0,3,2,1,2,1,30,78
0,3,2,1,2,1,67,78
0,3,2,6,2,1,-11,78
0,3,2,6,2,1,16,78
0,3,2,6,2,1,30,78
0,3,2,6,2,1,67,78
0,3,2,2,2,1,-11,78
0,3,2,2,2,1,16,78
0,3,2,2,2,1,30,78
0,3,2,2,2,1,67,78
0,3,2,3,2,1,-11,78
0,3,2,4,2,1,-11,78
0,3,2,4,2,1,16,78
0,3,2,4,2,1,30,78
0,3,2,4,2,1,67,78
0,2,2,5,2,1,-11,78
0,3,2,0,0,1,-19,78
0,3,2,0,0,1,16,78
0,3,2,1,0,1,-19,78
0,3,2,1,0,1,16,78
0,3,2,6,0,1,-19,78
0,3,2,6,0,1,16,78
0,3,2,2,0,1,-19,78
0,3,2,2,0,1,16,78
0,3,2,3,0,1,-19,78
0,3,2,4,0,1,-19,78
0,3,2,4,0,1,16,78
0,3,2,5,0,1,-19,78
0,3,2,0,0,1,-15,83
0,3,2,0,0,1,15,83
0,3,2,0,0,1,84,83
0,3,2,0,0,1,140,83
0,3,2,1,0,1,-15,83
0,3,2,1,0,1,15,83
0,3,2,1,0,1,84,83
0,3,2,1,0,1,140,83
0,3,2,6,0,1,-15,83
0,3,2,6,0,1,15,83
0,3,2,6,0,1,84,83
0,3,2,6,0,1,140,83
0,3,2,2,0,1,-15,83
0,3,2,2,0,1,15,83
0,3,2,2,0,1,84,83
0,3,2,2,0,1,140,83
0,3,2,3,0,1,-15,83
0,3,2,4,0,1,-15,83
0,3,2,4,0,1,15,83
0,3,2,4,0,1,84,83
0,3,2,4,0,1,140,83
0,3,2,5,0,1,-15,83
1,3,2,0,1,1,-13,73
1,3,2,0,1,1,15,73
1,3,2,0,1,1,84,73
1,3,2,0,1,1,162,73
1,3,2,1,1,1,-13,73
1,3,2,1,1,1,15,73
1,3,2,1,1,1,84,73
1,3,2,1,1,1,162,73
1,3,2,6,1,1,-13,73
1,3,2,6,1,1,15,73
1,3,2,6,1,1,84,73
1,3,2,6,1,1,162,73
1,3,2,2,1,1,-13,73
1,3,2,2,1,1,15,73
1,3,2,2,1,1,84,73
1,3,2,2,1,1,162,73
1,3,2,3,1,1,-13,73
1,3,2,4,1,1,-13,73
1,3,2,4,1,1,15,73
1,3,2,4,1,1,84,73
1,3,2,4,1,1,162,73
1,3,2,5,1,1,-13,73
1,3,2,0,2,1,-15,82
1,3,2,0,2,1,15,82
1,3,2,0,2,1,87,82
1,3,2,1,2,1,-15,82
1,3,2,1,2,1,15,82
1,3,2,1,2,1,87,82
1,3,2,6,2,1,-15,82
1,3,2,6,2,1,15,82
1,3,2,6,2,1,87,82
1,3,2,2,2,1,-15,82
1,3,2,2,2,1,15,82
1,3,2,2,2,1,87,82
1,3,2,3,2,1,-15,82
1,3,2,4,2,1,-15,82
1,3,2,4,2,1,15,82
1,3,2,4,2,1,87,82
1,3,2,5,2,1,-15,82
0,3,2,0,0,1,-14,88
0,3,2,0,0,1,15,88
0,3,2,0,0,1,85,88
0,3,2,0,0,1,169,88
0,3,2,1,0,1,-14,88
0,3,2,1,0,1,15,88
0,3,2,1,0,1,85,88
0,3,2,1,0,1,169,88
0,3,2,6,0,1,-14,88
0,3,2,6,0,1,15,88
0,3,2,6,0,1,85,88
0,3,2,6,0,1,169,88
0,3,2,2,0,1,-14,88
0,3,2,2,0,1,15,88
0,3,2,2,0,1,85,88
0,3,2,2,0,1,169,88
0,3,2,3,0,1,-14,88
0,3,2,4,0,1,-14,88
0,3,2,4,0,1,15,88
0,3,2,4,0,1,85,88
0,3,2,4,0,1,169,88
0,3,2,5,0,1,-14,88
1,3,2,0,2,1,-8,77
1,3,2,0,2,1,15,77
1,3,2,0,2,1,85,77
1,3,2,0,2,1,113,77
1,3,2,1,2,1,-8,77
1,3,2,1,2,1,15,77
1,3,2,1,2,1,85,77
1,3,2,1,2,1,113,77
1,3,2,6,2,1,-8,77
1,3,2,6,2,1,15,77
1,3,2,6,2,1,85,77
1,3,2,6,2,1,113,77
1,3,2,2,2,1,-8,77
1,3,2,2,2,1,15,77
1,3,2,2,2,1,85,77
1,3,2,2,2,1,113,77
1,3,2,3,2,1,-8,77
1,3,2,4,2,1,-8,77
1,3,2,4,2,1,15,77
1,3,2,4,2,1,85,77
1,3,2,4,2,1,113,77
1,3,2,5,2,1,-8,77
1,3,2,0,1,1,-10,80
1,3,2,0,1,1,20,80
1,3,2,0,1,1,90,80
1,3,2,0,1,1,175,80
1,3,2,1,1,1,-10,80
1,3,2,1,1,1,20,80
1,3,2,1,1,1,90,80
1,3,2,1,1,1,175,80
1,3,2,6,1,1,-10,80
1,3,2,6,1,1,20,80
1,3,2,6,1,1,90,80
1,3,2,6,1,1,175,80
1,3,2,2,1,1,-10,80
1,3,2,2,1,1,20,80
1,3,2,2,1,1,90,80
1,3,2,2,1,1,175,80
1,3,2,3,1,1,-10,80
1,3,2,4,1,1,-10,80
1,3,2,4,1,1,20,80
1,3,2,4,1,1,90,80
1,3,2,4,1,1,175,80
1,3,2,5,1,1,-10,80
0,3,2,0,1,1,-14,67
0,3,2,0,1,1,15,67
0,3,2,0,1,1,30,67
0,3,2,1,1,1,-14,67
0,3,2,1,1,1,15,67
0,3,2,1,1,1,30,67
0,3,2,6,1,1,-14,67
0,3,2,6,1,1,15,67
0,3,2,6,1,1,30,67
0,3,2,2,1,1,-14,67
0,3,2,2,1,1,15,67
0,3,2,2,1,1,30,67
0,3,2,3,1,1,-14,67
0,3,2,4,1,1,-14,67
0,3,2,4,1,1,15,67
0,3,2,4,1,1,30,67
0,3,2,5,1,1,-14,67
1,3,1,0,0,1,-11,70
1,3,1,0,0,1,15,70
1,3,1,0,0,1,32,70
1,3,1,0,0,1,85,70
1,3,1,0,0,1,169,70
1,3,1,0,0,1,197,70
1,3,1,1,0,1,-11,70
1,0,1,1,0,1,15,70
1,3,1,1,0,1,32,70
1,3,1,1,0,1,85,70
1,3,1,1,0,1,169,70
1,3,1,1,0,1,197,70
1,3,1,6,0,1,-11,70
1,3,1,6,0,1,15,70
1,3,1,6,0,1,32,70
1,3,1,6,0,1,85,70
1,3,1,6,0,1,169,70
1,3,1,6,0,1,197,70
1,3,1,2,0,1,-11,70
1,3,1,2,0,1,15,70
1,3,1,2,0,1,32,70
1,3,1,2,0,1,85,70
1,3,1,2,0,1,169,70
1,3,1,2,0,1,197,70
1,3,1,3,0,1,-11,70
1,3,1,4,0,1,-11,70
1,3,1,4,0,1,15,70
1,3,1,4,0,1,32,70
1,3,1,4,0,1,85,70
1,3,1,4,0,1,169,70
1,3,1,4,0,1,197,70
1,3,1,5,0,1,-11,70
0,3,2,0,2,1,-10,76
0,3,2,0,2,1,15,76
0,3,2,0,2,1,60,76
0,3,2,1,2,1,-10,76
0,3,2,1,2,1,15,76
0,3,2,1,2,1,60,76
0,3,2,6,2,1,-10,76
0,3,2,6,2,1,15,76
0,3,2,6,2,1,60,76
0,3,2,2,2,1,-10,76
0,3,2,2,2,1,15,76
0,3,2,2,2,1,60,76
0,2,2,3,2,1,-10,76
0,3,2,4,2,1,-10,76
0,3,2,4,2,1,15,76
0,3,2,4,2,1,60,76
0,3,2,5,2,1,-10,76
0,3,2,0,2,1,-7,84
0,3,2,0,2,1,11,84
0,3,2,1,2,1,-7,84
0,3,2,1,2,1,11,84
0,3,2,6,2,1,-7,84
0,3,2,6,2,1,11,84
0,3,2,2,2,1,-7,84
0,3,2,2,2,1,11,84
0,3,2,3,2,1,-7,84
0,3,2,4,2,1,-7,84
0,3,2,4,2,1,11,84
0,3,2,5,2,1,-7,84
0,3,2,0,2,1,-29,78
0,3,2,0,2,1,16,78
0,3,2,0,2,1,83,78
0,3,2,0,2,1,167,78
0,3,2,1,2,1,-29,78
0,3,2,1,2,1,16,78
0,3,2,1,2,1,83,78
0,3,2,1,2,1,167,78
0,3,2,6,2,1,-29,78
0,3,2,6,2,1,16,78
0,3,2,6,2,1,83,78
0,3,2,6,2,1,167,78
0,3,2,2,2,1,-29,78
0,3,2,2,2,1,16,78
0,3,2,2,2,1,83,78
0,3,2,2,2,1,167,78
0,3,2,3,2,1,-29,78
0,3,2,4,2,1,-29,78
0,3,2,4,2,1,16,78
0,3,2,4,2,1,83,78
0,3,2,4,2,1,167,78
0,3,2,5,2,1,-29,78
0,3,1,0,2,1,-20,74
0,3,1,0,2,1,16,74
0,3,1,0,2,1,85,74
0,3,1,0,2,1,176,74
0,3,1,1,2,1,-20,74
0,3,1,1,2,1,16,74
0,3,1,1,2,1,85,74
0,3,1,1,2,1,176,74
0,3,1,6,2,1,-20,74
0,3,1,6,2,1,16,74
0,3,1,6,2,1,85,74
0,3,1,6,2,1,176,74
0,3,1,2,2,1,-20,74
0,3,1,2,2,1,16,74
0,3,1,2,2,1,85,74
0,3,1,2,2,1,176,74
0,3,1,3,2,1,-20,74
0,3,1,4,2,1,-20,74
0,3,1,4,2,1,16,74
0,3,1,4,2,1,85,74
0,3,1,4,2,1,176,74
0,3,1,5,2,1,-20,74
1,3,2,0,1,1,-28,74
1,3,2,0,1,1,16,74
1,3,2,0,1,1,103,74
1,3,2,0,1,1,174,74
1,3,2,1,1,1,-28,74
1,3,2,1,1,1,16,74
1,3,2,1,1,1,103,74
1,3,2,1,1,1,174,74
1,3,2,6,1,1,-28,74
1,3,2,6,1,1,16,74
1,3,2,6,1,1,103,74
1,3,2,6,1,1,174,74
1,3,2,2,1,1,-28,74
1,3,2,2,1,1,16,74
1,3,2,2,1,1,103,74
1,3,2,2,1,1,174,74
1,3,2,3,1,1,-28,74
1,3,2,4,1,1,-28,74
1,3,2,4,1,1,16,74
1,3,2,4,1,1,103,74
1,3,2,4,1,1,174,74
1,3,2,5,1,1,-28,74
1,3,2,0,1,1,-8,79
1,3,2,0,1,1,15,79
1,3,2,0,1,1,68,79
1,3,2,1,1,1,-8,79
1,3,2,1,1,1,15,79
1,3,2,1,1,1,68,79
1,3,2,6,1,1,-8,79
1,3,2,6,1,1,15,79
1,3,2,6,1,1,68,79
1,3,2,2,1,1,-8,79
1,2,2,2,1,1,15,79
1,3,2,2,1,1,68,79
1,3,2,3,1,1,-8,79
1,3,2,4,1,1,-8,79
1,3,2,4,1,1,15,79
1,3,2,4,1,1,68,79
1,3,2,5,1,1,-8,79
0,3,2,0,0,1,-29,64
0,3,2,0,0,1,16,64
0,3,2,0,0,1,90,64
0,3,2,0,0,1,169,64
0,3,2,1,0,1,-29,64
0,3,2,1,0,1,16,64
0,3,2,1,0,1,90,64
0,3,2,1,0,1,169,64
0,3,2,6,0,1,-29,64
0,3,2,6,0,1,16,64
0,3,2,6,0,1,90,64
0,3,2,6,0,1,169,64
0,3,2,2,0,1,-29,64
0,3,2,2,0,1,16,64
0,3,2,2,0,1,90,64
0,3,2,2,0,1,169,64
0,3,2,3,0,1,-29,64
0,3,2,4,0,1,-29,64
0,3,2,4,0,1,16,64
0,3,2,4,0,1,90,64
0,3,2,4,0,1,169,64
0,3,2,5,0,1,-29,64
0,3,2,0,1,1,-11,77
0,3,2,0,1,1,19,77
0,3,2,0,1,1,85,77
0,3,2,0,1,1,172,77
0,3,2,1,1,1,-11,77
0,3,2,1,1,1,19,77
0,3,2,1,1,1,85,77
0,3,2,1,1,1,172,77
0,3,2,6,1,1,-11,77
0,3,2,6,1,1,19,77
0,3,2,6,1,1,85,77
0,3,2,6,1,1,172,77
0,3,2,2,1,1,-11,77
0,3,2,2,1,1,19,77
0,3,2,2,1,1,85,77
0,3,2,2,1,1,172,77
0,3,2,3,1,1,-11,77
0,3,2,4,1,1,-11,77
0,3,2,4,1,1,19,77
0,3,2,4,1,1,85,77
0,3,2,4,1,1,172,77
0,3,2,5,1,1,-11,77
1,3,2,0,0,1,-14,71
1,3,2,0,0,1,15,71
1,3,2,0,0,1,85,71
1,3,2,0,0,1,172,71
1,3,2,1,0,1,-14,71
1,3,2,1,0,1,15,71
1,3,2,1,0,1,85,71
1,3,2,1,0,1,172,71
1,3,2,6,0,1,-14,71
1,3,2,6,0,1,15,71
1,3,2,6,0,1,85,71
1,3,2,6,0,1,172,71
1,3,2,2,0,1,-14,71
1,3,2,2,0,1,15,71
1,3,2,2,0,1,85,71
1,3,2,2,0,1,172,71
1,3,2,3,0,1,-14,71
1,3,2,4,0,1,-14,71
1,3,2,4,0,1,15,71
1,3,2,4,0,1,85,71
1,3,2,4,0,1,172,71
1,3,2,5,0,1,-14,71
1,3,2,0,0,1,-63,73
1,3,2,0,0,1,-13,73
1,3,2,0,0,1,15,73
1,3,2,0,0,1,84,73
1,3,2,0,0,1,140,73
1,3,2,0,0,1,168,73
1,3,2,1,0,1,-63,73
1,3,2,1,0,1,-13,73
1,0,2,1,0,1,15,73
1,3,2,1,0,1,84,73
1,3,2,1,0,1,140,73
1,3,2,1,0,1,168,73
1,3,2,6,0,1,-63,73
1,3,2,6,0,1,-13,73
1,3,2,6,0,1,15,73
1,3,2,6,0,1,84,73
1,3,2,6,0,1,140,73
1,3,2,6,0,1,168,73
1,3,2,2,0,1,-63,73
1,3,2,2,0,1,-13,73
1,3,2,2,0,1,15,73
1,3,2,2,0,1,84,73
1,3,2,2,0,1,140,73
1,3,2,2,0,1,168,73
1,2,2,3,0,1,-63,73
1,2,2,3,0,1,-13,73
1,3,2,4,0,1,-63,73
1,3,2,4,0,1,-13,73
1,3,2,4,0,1,15,73
1,3,2,4,0,1,84,73
1,3,2,4,0,1,140,73
1,3,2,4,0,1,168,73
1,3,2,5,0,1,-63,73
1,3,2,5,0,1,-13,73
0,3,2,0,2,1,-14,71
0,3,2,0,2,1,-78,71
0,3,2,0,2,1,14,71
0,3,2,0,2,1,86,71
0,3,2,0,2,1,119,71
0,3,2,1,2,1,-14,71
0,3,2,1,2,1,-78,71
0,3,2,1,2,1,14,71
0,3,2,1,2,1,86,71
0,3,2,1,2,1,119,71
0,3,2,6,2,1,-14,71
0,3,2,6,2,1,-78,71
0,3,2,6,2,1,14,71
0,3,2,6,2,1,86,71
0,3,2,6,2,1,119,71
0,3,2,2,2,1,-14,71
0,3,2,2,2,1,-78,71
0,3,2,2,2,1,14,71
0,3,2,2,2,1,86,71
0,3,2,2,2,1,119,71
0,3,2,3,2,1,-14,71
0,3,2,3,2,1,-78,71
0,3,2,4,2,1,-14,71
0,3,2,4,2,1,-78,71
0,3,2,4,2,1,14,71
0,3,2,4,2,1,86,71
0,3,2,4,2,1,119,71
0,3,2,5,2,1,-14,71
0,3,2,5,2,1,-78,71
0,3,2,0,0,1,-38,88
0,3,2,0,0,1,15,88
0,3,2,0,0,1,85,88
0,3,2,0,0,1,169,88
0,3,2,1,0,1,-38,88
0,3,2,1,0,1,15,88
0,3,2,1,0,1,85,88
0,3,2,1,0,1,169,88
0,3,2,6,0,1,-38,88
0,3,2,6,0,1,15,88
0,3,2,6,0,1,85,88
0,3,2,6,0,1,169,88
0,3,2,2,0,1,-38,88
0,3,2,2,0,1,15,88
0,3,2,2,0,1,85,88
0,1,2,2,0,1,169,88
0,3,2,3,0,1,-38,88
0,3,2,4,0,1,-38,88
0,3,2,4,0,1,15,88
0,3,2,4,0,1,85,88
0,3,2,4,0,1,169,88
0,3,2,5,0,1,-38,88
0,3,2,0,2,1,-20,79
0,3,2,0,2,1,15,79
0,3,2,0,2,1,70,79
0,3,2,1,2,1,-20,79
0,3,2,1,2,1,15,79
0,3,2,1,2,1,70,79
0,3,2,6,2,1,-20,79
0,3,2,6,2,1,15,79
0,3,2,6,2,1,70,79
0,3,2,2,2,1,-20,79
0,3,2,2,2,1,15,79
0,3,2,2,2,1,70,79
0,3,2,3,2,1,-20,79
0,3,2,4,2,1,-20,79
0,3,2,4,2,1,15,79
0,3,2,4,2,1,70,79
0,3,2,5,2,1,-20,79
1,3,2,0,2,1,-15,75
1,3,2,0,2,1,14,75
1,3,2,0,2,1,83,75
1,3,2,0,2,1,168,75
1,3,2,1,2,1,-15,75
1,3,2,1,2,1,14,75
1,3,2,1,2,1,83,75
1,3,2,1,2,1,168,75
1,3,2,6,2,1,-15,75
1,3,2,6,2,1,14,75
1,3,2,6,2,1,83,75
1,3,2,6,2,1,168,75
1,3,2,2,2,1,-15,75
1,3,2,2,2,1,14,75
1,3,2,2,2,1,83,75
1,3,2,2,2,1,168,75
1,3,2,3,2,1,-15,75
1,3,2,4,2,1,-15,75
1,3,2,4,2,1,14,75
1,3,2,4,2,1,83,75
1,3,2,4,2,1,168,75
1,3,2,5,2,1,-15,75
1,3,1,0,1,1,-14,77
1,3,1,0,1,1,14,77
1,3,1,0,1,1,89,77
1,3,1,0,1,1,175,77
1,3,1,1,1,1,-14,77
1,3,1,1,1,1,14,77
1,3,1,1,1,1,89,77
1,3,1,1,1,1,175,77
1,3,1,6,1,1,-14,77
1,3,1,6,1,1,14,77
1,3,1,6,1,1,89,77
1,3,1,6,1,1,175,77
1,3,1,2,1,1,-14,77
1,3,1,2,1,1,14,77
1,3,1,2,1,1,89,77
1,3,1,2,1,1,175,77
1,3,1,3,1,1,-14,77
1,3,1,4,1,1,-14,77
1,3,1,4,1,1,14,77
1,3,1,4,1,1,89,77
1,3,1,4,1,1,175,77
1,1,1,5,1,1,-14,77
0,3,2,0,0,1,-8,78
0,3,2,0,0,1,89,78
0,3,2,0,0,1,179,78
0,3,2,1,0,1,-8,78
0,3,2,1,0,1,89,78
0,3,2,1,0,1,179,78
0,3,2,6,0,1,-8,78
0,3,2,6,0,1,89,78
0,3,2,6,0,1,179,78
0,3,2,2,0,1,-8,78
0,3,2,2,0,1,89,78
0,3,2,2,0,1,179,78
0,3,2,3,0,1,-8,78
0,3,2,4,0,1,-8,78
0,3,2,4,0,1,89,78
0,3,2,4,0,1,179,78
0,1,2,5,0,1,-8,78
1,3,2,0,2,1,-9,81
1,3,2,0,2,1,8,81
1,3,2,1,2,1,-9,81
1,3,2,1,2,1,8,81
1,3,2,6,2,1,-9,81
1,3,2,6,2,1,8,81
1,3,2,2,2,1,-9,81
1,3,2,2,2,1,8,81
1,3,2,3,2,1,-9,81
1,3,2,4,2,1,-9,81
1,3,2,4,2,1,8,81
1,3,2,5,2,1,-9,81
0,3,2,0,2,1,-13,77
0,3,2,0,2,1,17,77
0,3,2,0,2,1,86,77
0,3,2,0,2,1,170,77
0,3,2,1,2,1,-13,77
0,3,2,1,2,1,17,77
0,3,2,1,2,1,86,77
0,3,2,1,2,1,170,77
0,3,2,6,2,1,-13,77
0,3,2,6,2,1,17,77
0,3,2,6,2,1,86,77
0,3,2,6,2,1,170,77
0,3,2,2,2,1,-13,77
0,3,2,2,2,1,17,77
0,3,2,2,2,1,86,77
0,3,2,2,2,1,170,77
0,3,2,3,2,1,-13,77
0,3,2,4,2,1,-13,77
0,3,2,4,2,1,17,77
0,3,2,4,2,1,86,77
0,3,2,4,2,1,170,77
0,3,2,5,2,1,-13,77
1,3,2,0,2,1,-14,65
1,3,2,0,2,1,15,65
1,3,2,0,2,1,77,65
1,3,2,0,2,1,170,65
1,3,2,1,2,1,-14,65
1,3,2,1,2,1,15,65
1,3,2,1,2,1,77,65
1,3,2,1,2,1,170,65
1,3,2,6,2,1,-14,65
1,3,2,6,2,1,15,65
1,3,2,6,2,1,77,65
1,3,2,6,2,1,170,65
1,3,2,2,2,1,-14,65
1,3,2,2,2,1,15,65
1,3,2,2,2,1,77,65
1,3,2,2,2,1,170,65
1,3,2,3,2,1,-14,65
1,3,2,4,2,1,-14,65
1,3,2,4,2,1,15,65
1,3,2,4,2,1,77,65
1,3,2,4,2,1,170,65
1,3,2,5,2,1,-14,65
0,3,2,0,0,1,-14,59
0,3,2,0,0,1,15,59
0,3,2,1,0,1,-14,59
0,3,2,1,0,1,15,59
0,3,2,6,0,1,-14,59
0,3,2,6,0,1,15,59
0,3,2,2,0,1,-14,59
0,3,2,2,0,1,15,59
0,3,2,3,0,1,-14,59
0,3,2,4,0,1,-14,59
0,3,2,4,0,1,15,59
0,3,2,5,0,1,-14,59
0,3,2,0,0,1,-14,78
0,3,2,0,0,1,15,78
0,3,2,0,0,1,85,78
0,3,2,0,0,1,169,78
0,3,2,1,0,1,-14,78
0,3,2,1,0,1,15,78
0,3,2,1,0,1,85,78
0,3,2,1,0,1,169,78
0,3,2,6,0,1,-14,78
0,3,2,6,0,1,15,78
0,3,2,6,0,1,85,78
0,3,2,6,0,1,169,78
0,3,2,2,0,1,-14,78
0,3,2,2,0,1,15,78
0,3,2,2,0,1,85,78
0,3,2,2,0,1,169,78
0,3,2,3,0,1,-14,78
0,3,2,4,0,1,-14,78
0,3,2,4,0,1,15,78
0,3,2,4,0,1,85,78
0,3,2,4,0,1,169,78
0,1,2,5,0,1,-14,78
1,3,2,0,1,1,-14,65
1,3,2,0,1,1,15,65
1,3,2,0,1,1,30,65
1,3,2,1,1,1,-14,65
1,3,2,1,1,1,15,65
1,0,2,1,1,1,30,65
1,3,2,6,1,1,-14,65
1,3,2,6,1,1,15,65
1,3,2,6,1,1,30,65
1,3,2,2,1,1,-14,65
1,3,2,2,1,1,15,65
1,3,2,2,1,1,30,65
1,3,2,3,1,1,-14,65
1,3,2,4,1,1,-14,65
1,3,2,4,1,1,15,65
1,3,2,4,1,1,30,65
1,3,2,5,1,1,-14,65
0,3,2,0,1,1,-13,75
0,3,2,0,1,1,16,75
0,3,2,0,1,1,71,75
0,3,2,1,1,1,-13,75
0,3,2,1,1,1,16,75
0,3,2,1,1,1,71,75
0,3,2,6,1,1,-13,75
0,3,2,6,1,1,16,75
0,3,2,6,1,1,71,75
0,3,2,2,1,1,-13,75
0,3,2,2,1,1,16,75
0,3,2,2,1,1,71,75
0,3,2,3,1,1,-13,75
0,3,2,4,1,1,-13,75
0,3,2,4,1,1,16,75
0,3,2,4,1,1,71,75
0,3,2,5,1,1,-13,75
0,3,2,0,0,1,-14,76
0,3,2,0,0,1,16,76
0,3,2,0,0,1,86,76
0,3,2,0,0,1,169,76
0,3,2,1,0,1,-14,76
0,0,2,1,0,1,16,76
0,3,2,1,0,1,86,76
0,3,2,1,0,1,169,76
0,3,2,6,0,1,-14,76
0,3,2,6,0,1,16,76
0,3,2,6,0,1,86,76
0,3,2,6,0,1,169,76
0,3,2,2,0,1,-14,76
0,1,2,2,0,1,16,76
0,3,2,2,0,1,86,76
0,3,2,2,0,1,169,76
0,3,2,3,0,1,-14,76
0,3,2,4,0,1,-14,76
0,3,2,4,0,1,16,76
0,3,2,4,0,1,86,76
0,3,2,4,0,1,169,76
0,3,2,5,0,1,-14,76
1,3,2,0,2,1,-15,69
1,3,2,0,2,1,8,69
1,3,2,1,2,1,-15,69
1,3,2,1,2,1,8,69
1,3,2,6,2,1,-15,69
1,3,2,6,2,1,8,69
1,3,2,2,2,1,-15,69
1,3,2,2,2,1,8,69
1,3,2,3,2,1,-15,69
1,3,2,4,2,1,-15,69
1,3,2,4,2,1,8,69
1,1,2,5,2,1,-15,69
0,3,2,0,0,1,-10,87
0,3,2,0,0,1,15,87
0,3,2,0,0,1,84,87
0,3,2,0,0,1,175,87
0,3,2,1,0,1,-10,87
0,3,2,1,0,1,15,87
0,3,2,1,0,1,84,87
0,3,2,1,0,1,175,87
0,3,2,6,0,1,-10,87
0,3,2,6,0,1,15,87
0,3,2,6,0,1,84,87
0,3,2,6,0,1,175,87
0,3,2,2,0,1,-10,87
0,3,2,2,0,1,15,87
0,3,2,2,0,1,84,87
0,3,2,2,0,1,175,87
0,3,2,3,0,1,-10,87
0,3,2,4,0,1,-10,87
0,3,2,4,0,1,15,87
0,3,2,4,0,1,84,87
0,3,2,4,0,1,175,87
0,3,2,5,0,1,-10,87
0,3,2,0,0,1,-14,73
0,3,2,0,0,1,29,73
0,3,2,0,0,1,121,73
0,3,2,0,0,1,179,73
0,3,2,1,0,1,-14,73
0,3,2,1,0,1,29,73
0,3,2,1,0,1,121,73
0,3,2,1,0,1,179,73
0,3,2,6,0,1,-14,73
0,3,2,6,0,1,29,73
0,3,2,6,0,1,121,73
0,3,2,6,0,1,179,73
0,3,2,2,0,1,-14,73
0,3,2,2,0,1,29,73
0,3,2,2,0,1,121,73
0,3,2,2,0,1,179,73
0,3,2,3,0,1,-14,73
0,3,2,4,0,1,-14,73
0,3,2,4,0,1,29,73
0,3,2,4,0,1,121,73
0,3,2,4,0,1,179,73
0,3,2,5,0,1,-14,73
0,3,2,0,2,1,-3,83
0,3,2,0,2,1,14,83
0,3,2,1,2,1,-3,83
0,3,2,1,2,1,14,83
0,3,2,6,2,1,-3,83
0,3,2,6,2,1,14,83
0,3,2,2,2,1,-3,83
0,3,2,2,2,1,14,83
0,3,2,3,2,1,-3,83
0,3,2,4,2,1,-3,83
0,3,2,4,2,1,14,83
0,3,2,5,2,1,-3,83
1,3,2,0,0,1,-14,74
1,3,2,0,0,1,14,74
1,3,2,0,0,1,173,74
1,3,2,1,0,1,-14,74
1,3,2,1,0,1,14,74
1,3,2,1,0,1,173,74
1,3,2,6,0,1,-14,74
1,3,2,6,0,1,14,74
1,3,2,6,0,1,173,74
1,3,2,2,0,1,-14,74
1,3,2,2,0,1,14,74
1,3,2,2,0,1,173,74
1,3,2,3,0,1,-14,74
1,3,2,4,0,1,-14,74
1,3,2,4,0,1,14,74
1,3,2,4,0,1,173,74
1,3,2,5,0,1,-14,74
1,3,2,0,2,1,-10,80
1,3,2,0,2,1,15,80
1,3,2,0,2,1,84,80
1,3,2,0,2,1,112,80
1,3,2,1,2,1,-10,80
1,3,2,1,2,1,15,80
1,3,2,1,2,1,84,80
1,3,2,1,2,1,112,80
1,3,2,6,2,1,-10,80
1,3,2,6,2,1,15,80
1,3,2,6,2,1,84,80
1,3,2,6,2,1,112,80
1,3,2,2,2,1,-10,80
1,3,2,2,2,1,15,80
1,3,2,2,2,1,84,80
1,1,2,2,2,1,112,80
1,3,2,3,2,1,-10,80
1,3,2,4,2,1,-10,80
1,3,2,4,2,1,15,80
1,3,2,4,2,1,84,80
1,3,2,4,2,1,112,80
1,3,2,5,2,1,-10,80
0,3,2,0,1,1,-13,78
0,3,2,0,1,1,15,78
0,3,2,0,1,1,55,78
0,3,2,1,1,1,-13,78
0,3,2,1,1,1,15,78
0,3,2,1,1,1,55,78
0,3,2,6,1,1,-13,78
0,3,2,6,1,1,15,78
0,3,2,6,1,1,55,78
0,3,2,2,1,1,-13,78
0,3,2,2,1,1,15,78
0,3,2,2,1,1,55,78
0,3,2,3,1,1,-13,78
0,3,2,4,1,1,-13,78
0,3,2,4,1,1,15,78
0,3,2,4,1,1,55,78
0,3,2,5,1,1,-13,78
1,3,2,0,2,1,-10,82
1,3,2,0,2,1,21,82
1,3,2,0,2,1,39,82
1,3,2,1,2,1,-10,82
1,3,2,1,2,1,21,82
1,3,2,1,2,1,39,82
1,3,2,6,2,1,-10,82
1,3,2,6,2,1,21,82
1,3,2,6,2,1,39,82
1,3,2,2,2,1,-10,82
1,3,2,2,2,1,21,82
1,3,2,2,2,1,39,82
1,3,2,3,2,1,-10,82
1,3,2,4,2,1,-10,82
1,3,2,4,2,1,21,82
1,3,2,4,2,1,39,82
1,3,2,5,2,1,-10,82
1,3,2,0,2,1,-13,79
1,3,2,0,2,1,17,79
1,3,2,0,2,1,94,79
1,3,2,0,2,1,174,79
1,3,2,1,2,1,-13,79
1,3,2,1,2,1,17,79
1,3,2,1,2,1,94,79
1,3,2,1,2,1,174,79
1,3,2,6,2,1,-13,79
1,3,2,6,2,1,17,79
1,3,2,6,2,1,94,79
1,3,2,6,2,1,174,79
1,3,2,2,2,1,-13,79
1,3,2,2,2,1,17,79
1,3,2,2,2,1,94,79
1,3,2,2,2,1,174,79
1,3,2,3,2,1,-13,79
1,3,2,4,2,1,-13,79
1,3,2,4,2,1,17,79
1,3,2,4,2,1,94,79
1,3,2,4,2,1,174,79
1,3,2,5,2,1,-13,79
0,3,2,0,0,1,-8,86
0,3,2,0,0,1,15,86
0,3,2,0,0,1,88,86
0,3,2,0,0,1,172,86
0,3,2,1,0,1,-8,86
0,3,2,1,0,1,15,86
0,3,2,1,0,1,88,86
0,3,2,1,0,1,172,86
0,3,2,6,0,1,-8,86
0,3,2,6,0,1,15,86
0,3,2,6,0,1,88,86
0,3,2,6,0,1,172,86
0,3,2,2,0,1,-8,86
0,3,2,2,0,1,15,86
0,3,2,2,0,1,88,86
0,3,2,2,0,1,172,86
0,3,2,3,0,1,-8,86
0,3,2,4,0,1,-8,86
0,3,2,4,0,1,15,86
0,3,2,4,0,1,88,86
0,3,2,4,0,1,172,86
0,3,2,5,0,1,-8,86
0,3,2,0,2,1,-14,83
0,3,2,0,2,1,15,83
0,3,2,0,2,1,92,83
0,3,2,0,2,1,127,83
0,3,2,1,2,1,-14,83
0,3,2,1,2,1,15,83
0,0,2,1,2,1,92,83
0,3,2,1,2,1,127,83
0,3,2,6,2,1,-14,83
0,3,2,6,2,1,15,83
0,3,2,6,2,1,92,83
0,3,2,6,2,1,127,83
0,3,2,2,2,1,-14,83
0,3,2,2,2,1,15,83
0,3,2,2,2,1,92,83
0,3,2,2,2,1,127,83
0,3,2,3,2,1,-14,83
0,3,2,4,2,1,-14,83
0,3,2,4,2,1,15,83
0,3,2,4,2,1,92,83
0,3,2,4,2,1,127,83
0,3,2,5,2,1,-14,83
1,3,2,0,2,1,-11,85
1,3,2,0,2,1,15,85
1,3,2,0,2,1,84,85
1,3,2,0,2,1,176,85
1,3,2,1,2,1,-11,85
1,3,2,1,2,1,15,85
1,3,2,1,2,1,84,85
1,3,2,1,2,1,176,85
1,3,2,6,2,1,-11,85
1,3,2,6,2,1,15,85
1,3,2,6,2,1,84,85
1,3,2,6,2,1,176,85
1,3,2,2,2,1,-11,85
1,3,2,2,2,1,15,85
1,3,2,2,2,1,84,85
1,3,2,2,2,1,176,85
1,3,2,3,2,1,-11,85
1,3,2,4,2,1,-11,85
1,3,2,4,2,1,15,85
1,3,2,4,2,1,84,85
1,3,2,4,2,1,176,85
1,3,2,5,2,1,-11,85
0,3,2,0,0,1,-20,83
0,3,2,0,0,1,15,83
0,3,2,0,0,1,92,83
0,3,2,0,0,1,176,83
0,3,2,1,0,1,-20,83
0,3,2,1,0,1,15,83
0,3,2,1,0,1,92,83
0,3,2,1,0,1,176,83
0,3,2,6,0,1,-20,83
0,3,2,6,0,1,15,83
0,3,2,6,0,1,92,83
0,3,2,6,0,1,176,83
0,3,2,2,0,1,-20,83
0,3,2,2,0,1,15,83
0,3,2,2,0,1,92,83
0,3,2,2,0,1,176,83
0,3,2,3,0,1,-20,83
0,3,2,4,0,1,-20,83
0,3,2,4,0,1,15,83
0,3,2,4,0,1,92,83
0,3,2,4,0,1,176,83
0,3,2,5,0,1,-20,83
1,3,2,0,2,1,-8,68
1,3,2,0,2,1,22,68
1,3,2,0,2,1,85,68
1,3,2,0,2,1,168,68
1,3,2,1,2,1,-8,68
1,3,2,1,2,1,22,68
1,3,2,1,2,1,85,68
1,3,2,1,2,1,168,68
1,3,2,6,2,1,-8,68
1,3,2,6,2,1,22,68
1,3,2,6,2,1,85,68
1,3,2,6,2,1,168,68
1,3,2,2,2,1,-8,68
1,3,2,2,2,1,22,68
1,3,2,2,2,1,85,68
1,3,2,2,2,1,168,68
1,3,2,3,2,1,-8,68
1,3,2,4,2,1,-8,68
1,3,2,4,2,1,22,68
1,3,2,4,2,1,85,68
1,3,2,4,2,1,168,68
1,3,2,5,2,1,-8,68
1,3,2,0,0,1,-12,72
1,3,2,0,0,1,15,72
1,3,2,0,0,1,91,72
1,3,2,0,0,1,169,72
1,3,2,1,0,1,-12,72
1,3,2,1,0,1,15,72
1,3,2,1,0,1,91,72
1,0,2,1,0,1,169,72
1,3,2,6,0,1,-12,72
1,3,2,6,0,1,15,72
1,3,2,6,0,1,91,72
1,3,2,6,0,1,169,72
1,3,2,2,0,1,-12,72
1,3,2,2,0,1,15,72
1,3,2,2,0,1,91,72
1,3,2,2,0,1,169,72
1,3,2,3,0,1,-12,72
1,3,2,4,0,1,-12,72
1,3,2,4,0,1,15,72
1,3,2,4,0,1,91,72
1,3,2,4,0,1,169,72
1,3,2,5,0,1,-12,72
1,3,2,0,1,1,-2,81
1,3,2,0,1,1,16,81
1,3,2,0,1,1,89,81
1,3,2,0,1,1,146,81
1,3,2,1,1,1,-2,81
1,3,2,1,1,1,16,81
1,3,2,1,1,1,89,81
1,3,2,1,1,1,146,81
1,3,2,6,1,1,-2,81
1,3,2,6,1,1,16,81
1,3,2,6,1,1,89,81
1,3,2,6,1,1,146,81
1,3,2,2,1,1,-2,81
1,3,2,2,1,1,16,81
1,3,2,2,1,1,89,81
1,3,2,2,1,1,146,81
1,3,2,3,1,1,-2,81
1,3,2,4,1,1,-2,81
1,3,2,4,1,1,16,81
1,3,2,4,1,1,89,81
1,3,2,4,1,1,146,81
1,3,2,5,1,1,-2,81
0,3,2,0,1,1,-19,73
0,3,2,0,1,1,15,73
0,3,2,0,1,1,42,73
0,3,2,1,1,1,-19,73
0,3,2,1,1,1,15,73
0,3,2,1,1,1,42,73
0,3,2,6,1,1,-19,73
0,3,2,6,1,1,15,73
0,3,2,6,1,1,42,73
0,3,2,2,1,1,-19,73
0,3,2,2,1,1,15,73
0,3,2,2,1,1,42,73
0,3,2,3,1,1,-19,73
0,3,2,4,1,1,-19,73
0,3,2,4,1,1,15,73
0,3,2,4,1,1,42,73
0,3,2,5,1,1,-19,73
0,3,2,0,2,1,-8,76
0,3,2,0,2,1,15,76
0,3,2,1,2,1,-8,76
0,3,2,1,2,1,15,76
0,3,2,6,2,1,-8,76
0,3,2,6,2,1,15,76
0,3,2,2,2,1,-8,76
0,3,2,2,2,1,15,76
0,3,2,3,2,1,-11,76
0,3,2,4,2,1,-8,76
0,3,2,4,2,1,15,76
0,1,2,5,2,1,-11,76
0,3,2,0,0,1,-7,76
0,3,2,0,0,1,-2,76
0,3,2,0,0,1,16,76
0,3,2,1,0,1,-7,76
0,3,2,1,0,1,-2,76
0,3,2,1,0,1,16,76
0,3,2,6,0,1,-7,76
0,3,2,6,0,1,-2,76
0,3,2,6,0,1,16,76
0,3,2,2,0,1,-7,76
0,3,2,2,0,1,-2,76
0,3,2,2,0,1,16,76
0,3,2,3,0,1,-9,76
0,3,2,4,0,1,-7,76
0,3,2,4,0,1,-2,76
0,3,2,4,0,1,16,76
0,3,2,5,0,1,-9,76
1,3,2,0,2,1,-33,78
1,3,2,0,2,1,-12,78
1,3,2,0,2,1,15,78
1,3,2,0,2,1,86,78
1,3,2,1,2,1,-33,78
1,3,2,1,2,1,-12,78
1,3,2,1,2,1,15,78
1,3,2,1,2,1,86,78
1,3,2,6,2,1,-33,78
1,3,2,6,2,1,-12,78
1,3,2,6,2,1,15,78
1,3,2,6,2,1,86,78
1,3,2,2,2,1,-33,78
1,3,2,2,2,1,-12,78
1,3,2,2,2,1,15,78
1,3,2,2,2,1,86,78
1,3,2,3,2,1,-33,78
1,3,2,3,2,1,-12,78
1,3,2,4,2,1,-33,78
1,3,2,4,2,1,-12,78
1,3,2,4,2,1,15,78
1,3,2,4,2,1,86,78
1,3,2,5,2,1,-33,78
1,3,2,5,2,1,-12,78
0,3,2,0,1,1,-15,84
0,3,2,0,1,1,14,84
0,3,2,0,1,1,95,84
0,3,2,0,1,1,173,84
0,3,2,1,1,1,-15,84
0,0,2,1,1,1,14,84
0,0,2,1,1,1,95,84
0,3,2,1,1,1,173,84
0,3,2,6,1,1,-15,84
0,3,2,6,1,1,14,84
0,3,2,6,1,1,95,84
0,3,2,6,1,1,173,84
0,3,2,2,1,1,-15,84
0,3,2,2,1,1,14,84
0,3,2,2,1,1,95,84
0,3,2,2,1,1,173,84
0,3,2,3,1,1,-15,84
0,3,2,4,1,1,-15,84
0,3,2,4,1,1,14,84
0,3,2,4,1,1,95,84
0,3,2,4,1,1,173,84
0,3,2,5,1,1,-15,84
1,3,2,0,1,1,-22,74
1,3,2,0,1,1,17,74
1,3,2,0,1,1,77,74
1,3,2,1,1,1,-22,74
1,3,2,1,1,1,17,74
1,3,2,1,1,1,77,74
1,3,2,6,1,1,-22,74
1,3,2,6,1,1,17,74
1,3,2,6,1,1,77,74
1,3,2,2,1,1,-22,74
1,3,2,2,1,1,17,74
1,3,2,2,1,1,77,74
1,3,2,3,1,1,-22,74
1,3,2,4,1,1,-22,74
1,3,2,4,1,1,17,74
1,3,2,4,1,1,77,74
1,3,2,5,1,1,-22,74
0,3,2,0,1,1,-8,80
0,3,2,0,1,1,15,80
0,3,2,0,1,1,91,80
0,3,2,0,1,1,186,80
0,3,2,1,1,1,-8,80
0,3,2,1,1,1,15,80
0,3,2,1,1,1,91,80
0,3,2,1,1,1,186,80
0,3,2,6,1,1,-8,80
0,3,2,6,1,1,15,80
0,3,2,6,1,1,91,80
0,3,2,6,1,1,186,80
0,3,2,2,1,1,-8,80
0,3,2,2,1,1,15,80
0,3,2,2,1,1,91,80
0,3,2,2,1,1,186,80
0,3,2,3,1,1,-8,80
0,3,2,4,1,1,-8,80
0,3,2,4,1,1,15,80
0,3,2,4,1,1,91,80
0,3,2,4,1,1,186,80
0,3,2,5,1,1,-8,80
1,3,2,0,0,1,-9,85
1,3,2,0,0,1,16,85
1,3,2,0,0,1,87,85
1,3,2,0,0,1,168,85
1,3,2,1,0,1,-9,85
1,3,2,1,0,1,16,85
1,3,2,1,0,1,87,85
1,3,2,1,0,1,168,85
1,3,2,6,0,1,-9,85
1,3,2,6,0,1,16,85
1,3,2,6,0,1,87,85
1,3,2,6,0,1,168,85
1,3,2,2,0,1,-9,85
1,3,2,2,0,1,16,85
1,3,2,2,0,1,87,85
1,3,2,2,0,1,168,85
1,3,2,3,0,1,-9,85
1,3,2,4,0,1,-9,85
1,3,2,4,0,1,16,85
1,3,2,4,0,1,87,85
1,3,2,4,0,1,168,85
1,3,2,5,0,1,-9,85
0,3,2,0,1,1,-10,72
0,3,2,0,1,1,16,72
0,3,2,0,1,1,89,72
0,3,2,0,1,1,174,72
0,3,2,1,1,1,-10,72
0,3,2,1,1,1,16,72
0,3,2,1,1,1,89,72
0,3,2,1,1,1,174,72
0,3,2,6,1,1,-10,72
0,3,2,6,1,1,16,72
0,3,2,6,1,1,89,72
0,3,2,6,1,1,174,72
0,3,2,2,1,1,-10,72
0,3,2,2,1,1,16,72
0,3,2,2,1,1,89,72
0,3,2,2,1,1,174,72
0,3,2,3,1,1,-10,72
0,3,2,4,1,1,-10,72
0,3,2,4,1,1,16,72
0,3,2,4,1,1,89,72
0,3,2,4,1,1,174,72
0,3,2,5,1,1,-10,72
0,3,2,0,2,1,-13,80
0,3,2,0,2,1,15,80
0,3,2,0,2,1,85,80
0,3,2,0,2,1,169,80
0,3,2,1,2,1,-13,80
0,3,2,1,2,1,15,80
0,3,2,1,2,1,85,80
0,3,2,1,2,1,169,80
0,3,2,6,2,1,-13,80
0,3,2,6,2,1,15,80
0,3,2,6,2,1,85,80
0,3,2,6,2,1,169,80
0,3,2,2,2,1,-13,80
0,3,2,2,2,1,15,80
0,3,2,2,2,1,85,80
0,3,2,2,2,1,169,80
0,3,2,3,2,1,-13,80
0,3,2,4,2,1,-13,80
0,3,2,4,2,1,15,80
0,3,2,4,2,1,85,80
0,3,2,4,2,1,169,80
0,3,2,5,2,1,-13,80
1,3,2,0,1,1,-27,84
1,3,2,0,1,1,15,84
1,3,2,0,1,1,82,84
1,3,2,0,1,1,173,84
1,0,2,1,1,1,-27,84
1,3,2,1,1,1,15,84
1,3,2,1,1,1,82,84
1,3,2,1,1,1,173,84
1,3,2,6,1,1,-27,84
1,3,2,6,1,1,15,84
1,3,2,6,1,1,82,84
1,3,2,6,1,1,173,84
1,3,2,2,1,1,-27,84
1,3,2,2,1,1,15,84
1,3,2,2,1,1,82,84
1,3,2,2,1,1,173,84
1,3,2,3,1,1,-27,84
1,3,2,4,1,1,-27,84
1,3,2,4,1,1,15,84
1,3,2,4,1,1,82,84
1,3,2,4,1,1,173,84
1,3,2,5,1,1,-27,84
1,3,2,0,1,1,-13,73
1,3,2,0,1,1,14,73
1,3,2,0,1,1,84,73
1,3,2,0,1,1,167,73
1,3,2,1,1,1,-13,73
1,3,2,1,1,1,14,73
1,3,2,1,1,1,84,73
1,3,2,1,1,1,167,73
1,3,2,6,1,1,-13,73
1,3,2,6,1,1,14,73
1,3,2,6,1,1,84,73
1,3,2,6,1,1,167,73
1,3,2,2,1,1,-13,73
1,3,2,2,1,1,14,73
1,3,2,2,1,1,84,73
1,3,2,2,1,1,167,73
1,3,2,3,1,1,-13,73
1,3,2,4,1,1,-13,73
1,3,2,4,1,1,14,73
1,3,2,4,1,1,84,73
1,3,2,4,1,1,167,73
1,3,2,5,1,1,-13,73
0,3,2,0,0,1,-17,85
0,3,2,0,0,1,16,85
0,3,2,0,0,1,65,85
0,3,2,1,0,1,-17,85
0,0,2,1,0,1,16,85
0,3,2,1,0,1,65,85
0,3,2,6,0,1,-17,85
0,3,2,6,0,1,16,85
0,3,2,6,0,1,65,85
0,1,2,2,0,1,-17,85
0,3,2,2,0,1,16,85
0,3,2,2,0,1,65,85
0,3,2,3,0,1,-17,85
0,3,2,4,0,1,-17,85
0,3,2,4,0,1,16,85
0,3,2,4,0,1,65,85
0,3,2,5,0,1,-17,85
0,3,2,0,0,1,-13,64
0,3,2,0,0,1,-2,64
0,3,2,0,0,1,14,64
0,3,2,0,0,1,63,64
0,3,2,1,0,1,-13,64
0,3,2,1,0,1,-2,64
0,3,2,1,0,1,14,64
0,3,2,1,0,1,63,64
0,3,2,6,0,1,-13,64
0,3,2,6,0,1,-2,64
0,3,2,6,0,1,14,64
0,3,2,6,0,1,63,64
0,3,2,2,0,1,-13,64
0,3,2,2,0,1,-2,64
0,3,2,2,0,1,14,64
0,3,2,2,0,1,63,64
0,3,2,3,0,1,-13,64
0,3,2,4,0,1,-13,64
0,3,2,4,0,1,-2,64
0,3,2,4,0,1,14,64
0,3,2,4,0,1,63,64
0,3,2,5,0,1,-13,64
1,3,2,0,1,1,-17,77
1,3,2,0,1,1,15,77
1,3,2,0,1,1,85,77
1,3,2,0,1,1,173,77
1,3,2,1,1,1,-17,77
1,3,2,1,1,1,15,77
1,3,2,1,1,1,85,77
1,3,2,1,1,1,173,77
1,3,2,6,1,1,-17,77
1,3,2,6,1,1,15,77
1,3,2,6,1,1,85,77
1,3,2,6,1,1,173,77
1,3,2,2,1,1,-17,77
1,3,2,2,1,1,15,77
1,3,2,2,1,1,85,77
1,3,2,2,1,1,173,77
1,3,2,3,1,1,-17,77
1,3,2,4,1,1,-17,77
1,3,2,4,1,1,15,77
1,3,2,4,1,1,85,77
1,3,2,4,1,1,173,77
1,3,2,5,1,1,-17,77
0,3,2,0,2,1,-12,75
0,3,2,0,2,1,16,75
0,3,2,0,2,1,85,75
0,3,2,0,2,1,169,75
0,3,2,1,2,1,-12,75
0,3,2,1,2,1,16,75
0,3,2,1,2,1,85,75
0,3,2,1,2,1,169,75
0,3,2,6,2,1,-12,75
0,3,2,6,2,1,16,75
0,3,2,6,2,1,85,75
0,3,2,6,2,1,169,75
0,3,2,2,2,1,-12,75
0,3,2,2,2,1,16,75
0,3,2,2,2,1,85,75
0,3,2,2,2,1,169,75
0,3,2,3,2,1,-12,75
0,3,2,4,2,1,-12,75
0,3,2,4,2,1,16,75
0,3,2,4,2,1,85,75
0,3,2,4,2,1,169,75
0,3,2,5,2,1,-12,75
0,3,2,0,2,1,-14,79
0,3,2,0,2,1,24,79
0,3,2,1,2,1,-14,79
0,3,2,1,2,1,24,79
0,3,2,6,2,1,-14,79
0,3,2,6,2,1,24,79
0,3,2,2,2,1,-14,79
0,3,2,2,2,1,24,79
0,3,2,3,2,1,-14,79
0,3,2,4,2,1,-14,79
0,3,2,4,2,1,24,79
0,3,2,5,2,1,-14,79
0,3,2,0,2,1,-14,67
0,3,2,0,2,1,15,67
0,3,2,0,2,1,43,67
0,3,2,1,2,1,-14,67
0,3,2,1,2,1,15,67
0,3,2,1,2,1,43,67
0,3,2,6,2,1,-14,67
0,3,2,6,2,1,15,67
0,3,2,6,2,1,43,67
0,3,2,2,2,1,-14,67
0,3,2,2,2,1,15,67
0,3,2,2,2,1,43,67
0,3,2,3,2,1,-14,67
0,3,2,4,2,1,-14,67
0,3,2,4,2,1,15,67
0,3,2,4,2,1,43,67
0,3,2,5,2,1,-14,67
1,3,1,0,1,1,-16,82
1,3,1,0,1,1,15,82
1,3,1,0,1,1,85,82
1,3,1,1,1,1,-16,82
1,3,1,1,1,1,15,82
1,3,1,1,1,1,85,82
1,3,1,6,1,1,-16,82
1,3,1,6,1,1,15,82
1,3,1,6,1,1,85,82
1,3,1,2,1,1,-16,82
1,3,1,2,1,1,15,82
1,3,1,2,1,1,85,82
1,3,1,3,1,1,-16,82
1,3,1,4,1,1,-16,82
1,3,1,4,1,1,15,82
1,3,1,4,1,1,85,82
1,3,1,5,1,1,-16,82
1,3,2,0,0,1,-28,77
1,3,2,0,0,1,15,77
1,3,2,0,0,1,89,77
1,3,2,0,0,1,169,77
1,3,2,0,0,1,183,77
1,3,2,1,0,1,-28,77
1,3,2,1,0,1,15,77
1,3,2,1,0,1,89,77
1,3,2,1,0,1,169,77
1,3,2,1,0,1,183,77
1,3,2,6,0,1,-28,77
1,3,2,6,0,1,15,77
1,3,2,6,0,1,89,77
1,3,2,6,0,1,169,77
1,3,2,6,0,1,183,77
1,3,2,2,0,1,-28,77
1,3,2,2,0,1,15,77
1,3,2,2,0,1,89,77
1,3,2,2,0,1,169,77
1,3,2,2,0,1,183,77
1,3,2,3,0,1,-28,77
1,3,2,4,0,1,-28,77
1,3,2,4,0,1,15,77
1,3,2,4,0,1,89,77
1,3,2,4,0,1,169,77
1,3,2,4,0,1,183,77
1,3,2,5,0,1,-28,77
0,3,2,0,0,1,-7,73
0,3,2,0,0,1,15,73
0,3,2,0,0,1,84,73
0,3,2,0,0,1,170,73
0,3,2,1,0,1,-7,73
0,3,2,1,0,1,15,73
0,3,2,1,0,1,84,73
0,3,2,1,0,1,170,73
0,3,2,6,0,1,-7,73
0,3,2,6,0,1,15,73
0,3,2,6,0,1,84,73
0,3,2,6,0,1,170,73
0,3,2,2,0,1,-7,73
0,3,2,2,0,1,15,73
0,3,2,2,0,1,84,73
0,3,2,2,0,1,170,73
0,3,2,3,0,1,-7,73
0,3,2,4,0,1,-7,73
0,3,2,4,0,1,15,73
0,3,2,4,0,1,84,73
0,3,2,4,0,1,170,73
0,3,2,5,0,1,-7,73
0,3,2,0,2,1,-16,80
0,3,2,0,2,1,14,80
0,3,2,0,2,1,49,80
0,3,2,1,2,1,-16,80
0,3,2,1,2,1,14,80
0,3,2,1,2,1,49,80
0,3,2,6,2,1,-16,80
0,3,2,6,2,1,14,80
0,3,2,6,2,1,49,80
0,3,2,2,2,1,-16,80
0,3,2,2,2,1,14,80
0,3,2,2,2,1,49,80
0,3,2,3,2,1,-22,80
0,3,2,4,2,1,-16,80
0,3,2,4,2,1,14,80
0,3,2,4,2,1,49,80
0,3,2,5,2,1,-16,80
1,3,2,0,0,1,-9,74
1,3,2,0,0,1,15,74
1,3,2,0,0,1,70,74
1,3,2,1,0,1,-9,74
1,3,2,1,0,1,15,74
1,3,2,1,0,1,70,74
1,3,2,6,0,1,-9,74
1,3,2,6,0,1,15,74
1,3,2,6,0,1,70,74
1,3,2,2,0,1,-9,74
1,3,2,2,0,1,15,74
1,3,2,2,0,1,70,74
1,3,2,3,0,1,-9,74
1,3,2,4,0,1,-9,74
1,3,2,4,0,1,15,74
1,3,2,4,0,1,70,74
1,3,2,5,0,1,-9,74
0,3,2,0,2,0,-37,82
0,3,2,0,2,0,13,82
0,3,2,0,2,0,85,82
0,3,2,0,2,0,141,82
0,3,2,1,2,0,-37,82
0,3,2,1,2,0,13,82
0,3,2,1,2,0,85,82
0,3,2,1,2,0,141,82
0,3,2,6,2,0,-37,82
0,3,2,6,2,0,13,82
0,3,2,6,2,0,85,82
0,3,2,6,2,0,141,82
0,3,2,2,2,0,-37,82
0,3,2,2,2,0,13,82
0,3,2,2,2,0,85,82
0,3,2,2,2,0,141,82
0,3,2,3,2,0,-37,82
0,3,2,4,2,0,-37,82
0,3,2,4,2,0,13,82
0,3,2,4,2,0,85,82
0,3,2,4,2,0,141,82
0,3,2,5,2,0,-37,82
1,3,2,0,2,0,-13,78
1,3,2,0,2,0,16,78
1,3,2,0,2,0,86,78
1,3,2,0,2,0,170,78
1,3,2,1,2,0,-13,78
1,3,2,1,2,0,16,78
1,3,2,1,2,0,86,78
1,3,2,1,2,0,170,78
1,3,2,6,2,0,-13,78
1,3,2,6,2,0,16,78
1,3,2,6,2,0,86,78
1,3,2,6,2,0,170,78
1,3,2,2,2,0,-13,78
1,3,2,2,2,0,16,78
1,3,2,2,2,0,86,78
1,3,2,2,2,0,170,78
1,3,2,3,2,0,-13,78
1,3,2,4,2,0,-13,78
1,3,2,4,2,0,16,78
1,3,2,4,2,0,86,78
1,3,2,4,2,0,170,78
1,3,2,5,2,0,-13,78
1,3,2,0,1,1,-22,86
1,3,2,0,1,1,14,86
1,3,2,0,1,1,90,86
1,3,2,1,1,1,-22,86
1,3,2,1,1,1,14,86
1,3,2,1,1,1,90,86
1,3,2,6,1,1,-22,86
1,3,2,6,1,1,14,86
1,3,2,6,1,1,90,86
1,3,2,2,1,1,-22,86
1,3,2,2,1,1,14,86
1,3,2,2,1,1,90,86
1,3,2,3,1,1,-22,86
1,3,2,4,1,1,-22,86
1,3,2,4,1,1,14,86
1,3,2,4,1,1,90,86
1,3,2,5,1,1,-11,86
1,3,2,0,0,1,-16,79
1,3,2,0,0,1,17,79
1,3,2,0,0,1,169,79
1,3,2,1,0,1,-16,79
1,3,2,1,0,1,17,79
1,3,2,1,0,1,169,79
1,3,2,6,0,1,-16,79
1,3,2,6,0,1,17,79
1,3,2,6,0,1,169,79
1,3,2,2,0,1,-16,79
1,3,2,2,0,1,17,79
1,3,2,2,0,1,169,79
1,3,2,3,0,1,-16,79
1,3,2,4,0,1,-16,79
1,3,2,4,0,1,17,79
1,3,2,4,0,1,169,79
1,2,2,5,0,1,-16,79
0,3,2,0,1,1,-15,69
0,3,2,0,1,1,14,69
0,3,2,0,1,1,98,69
0,3,2,1,1,1,-15,69
0,3,2,1,1,1,14,69
0,3,2,1,1,1,98,69
0,3,2,6,1,1,-15,69
0,3,2,6,1,1,14,69
0,3,2,6,1,1,98,69
0,3,2,2,1,1,-15,69
0,3,2,2,1,1,14,69
0,3,2,2,1,1,98,69
0,3,2,3,1,1,-15,69
0,3,2,4,1,1,-15,69
0,3,2,4,1,1,14,69
0,3,2,4,1,1,98,69
0,3,2,5,1,1,-15,69
0,3,1,0,1,1,-8,74
0,3,1,0,1,1,15,74
0,3,1,0,1,1,64,74
0,3,1,1,1,1,-8,74
0,3,1,1,1,1,15,74
0,3,1,1,1,1,64,74
0,3,1,6,1,1,-8,74
0,3,1,6,1,1,15,74
0,3,1,6,1,1,64,74
0,3,1,2,1,1,-8,74
0,3,1,2,1,1,15,74
0,3,1,2,1,1,64,74
0,3,1,3,1,1,-8,74
0,3,1,4,1,1,-8,74
0,3,1,4,1,1,15,74
0,3,1,4,1,1,64,74
0,3,1,5,1,1,-8,74
